tree
version=v4
num_class=1
num_tree_per_iteration=1
label_index=0
max_feature_idx=38
objective=binary sigmoid:1
feature_names=GenderCategory RaceCategory EthnicityCategory Age Region Glipizide_Final Glimepiride_Final Glyburide_Final Metformin_Final Pioglitazone_Final Rosiglitazone_Final Beta_Blockers_Final ACE_Inhibitors_Final ARB_Final Diuretics_Final PPI_Final Levothyroxine_Final CCB_Final Vasodilators_Final Statins_Final Anti_Platelets_Final Anti_Coagulants_Final Steroids_Final Heart_Disease_Final Hypothyroid_Final Anemia_Final Kidney_Disease_Final GERD_Final Neuropathy_Final Eye_Disorder_Final Atherosclerosis_Final Alzheimer_Final FootUlcer_Final Abnormal_Glucose_Final DMScreen_Final A1C_Final GlucoseTest_Final DM_Drugs AnyLab
feature_infos=[0:1] [0:2] [0:1] [-3.7208455118335628:2.1661098596668382] [0:4] [0:1] [0:1] [0:1] [0:1] [0:1] [0:1] [0:1] [0:1] [0:1] [0:1] [0:1] [0:1] [0:1] [0:1] [0:1] [0:1] [0:1] [0:1] [0:1] [0:1] [0:1] [0:1] [0:1] [0:1] [0:1] [0:1] [0:1] [0:1] [0:1] none [0:1] [0:1] [0:1] [0:1]
tree_sizes=902 899 899 900 878 905 895 898 903 902 896 903 904 903 907 901 902 902 905 901 902 907 880 902 900 904 905 907 904 901 905 900 903 903 902 900 897 882 900 900 901 902 900 903 897 893 900 895 900 903 870 897 904 899 899 901 900 902 897 895 903 901 901 897 879 902 905 893 898 904 902 903 908 901 903 901 895 905 898 904 897 905 902 900 893 879 897 901 902 882 901 892 900 902 906 903 903 904 900 902

Tree=0
num_leaves=7
num_cat=0
split_feature=12 16 16 17 5 37
split_gain=193.015 28.278 23.7468 23.7105 7.1303 6.42175
threshold=1.0000000180025095e-35 1.0000000180025095e-35 1.0000000180025095e-35 1.0000000180025095e-35 1.0000000180025095e-35 1.0000000180025095e-35
decision_type=2 2 2 2 2 2
left_child=1 -1 3 4 -2 -4
right_child=2 -3 5 -5 -6 -7
leaf_value=0.001689139839704554 0.0016833284844286868 -0.00065336111310311095 -0.0014091004600420797 -0.0023918730394907883 -0.00089481400434570486 -0.0029487376788244154
leaf_weight=94.058146327733994 8.6774049997329694 15.086446359753607 11.253509551286696 10.365966573357582 3.5974480062723169 39.71108041703701
leaf_count=472 44 54 35 26 12 88
internal_value=1.01108e-08 0.00135914 -0.00201395 -0.000599133 0.000875583 -0.00262643
internal_weight=0 109.145 73.6054 22.6408 12.2749 50.9646
internal_count=731 526 205 82 56 123
is_linear=0
shrinkage=1


Tree=1
num_leaves=7
num_cat=0
split_feature=16 17 8 24 17 14
split_gain=190.633 53.3809 12.1194 11.9845 8.94039 8.72519
threshold=1.0000000180025095e-35 1.0000000180025095e-35 1.0000000180025095e-35 1.0000000180025095e-35 1.0000000180025095e-35 1.0000000180025095e-35
decision_type=2 2 2 2 2 2
left_child=1 3 4 5 -2 -1
right_child=2 -3 -4 -5 -6 -7
leaf_value=0.002189113500146308 -0.0008676357909343799 -0.0014993497916913976 -0.0029643439835100012 0.00049285913052191956 -0.0026199293556933398 0.00070450836292607663
leaf_weight=67.45054192841053 23.416846036911011 15.649281710386274 30.019406944513321 19.682923763990402 12.614690274000166 13.916129842400549
leaf_count=359 81 48 66 85 30 62
internal_value=0 0.00123761 -0.0021844 0.00166934 -0.00150719 0.00194474
internal_weight=0 116.699 66.0509 101.05 36.0315 81.3667
internal_count=731 554 177 506 111 421
is_linear=0
shrinkage=0.00161125


Tree=2
num_leaves=7
num_cat=0
split_feature=16 17 23 24 37 14
split_gain=190.027 53.2118 21.7039 11.945 9.99946 8.69559
threshold=1.0000000180025095e-35 1.0000000180025095e-35 1.0000000180025095e-35 1.0000000180025095e-35 1.0000000180025095e-35 1.0000000180025095e-35
decision_type=2 2 2 2 2 2
left_child=1 3 4 5 -2 -1
right_child=2 -3 -4 -5 -6 -7
leaf_value=0.0021856010707830141 -0.0014043669839331086 -0.001496960139201083 6.6697819045295387e-05 0.00049207152336914887 -0.0029982514512733264 0.00070338626650954194
leaf_weight=67.450336590409279 16.638502329587936 15.649261191487311 9.071633651852606 19.682915329933167 40.340541169047356 13.91612224280834
leaf_count=359 52 48 37 85 88 62
internal_value=0 0.00123563 -0.00218095 0.00166668 -0.00254895 0.00194164
internal_weight=0 116.699 66.0507 101.049 56.979 81.3665
internal_count=731 554 177 506 140 421
is_linear=0
shrinkage=0.00161125


Tree=3
num_leaves=7
num_cat=0
split_feature=12 23 16 7 24 11
split_gain=191.38 28.3496 27.9698 15.6509 13.6051 11.9051
threshold=1.0000000180025095e-35 1.0000000180025095e-35 1.0000000180025095e-35 1.0000000180025095e-35 1.0000000180025095e-35 1.0000000180025095e-35
decision_type=2 2 2 2 2 2
left_child=2 5 4 -3 -1 -2
right_child=1 3 -4 -5 -6 -7
leaf_value=0.0019779038682909561 -0.00091536523465555433 0.002063536914428172 -0.00064799956109588776 -0.0019144010978552652 0.0003601031130045852 -0.0027628804061422597
leaf_weight=76.3753761947155 12.602101385593413 6.1931464970111829 15.086395338177679 4.0585803538560867 17.682143867015839 50.750700935721397
leaf_count=397 43 33 54 11 75 118
internal_value=0 -0.00200546 0.00135333 0.000423368 0.00168153 -0.00240843
internal_weight=0 73.6045 109.144 10.2517 94.0575 63.3528
internal_count=731 205 526 44 472 161
is_linear=0
shrinkage=0.00161125


Tree=4
num_leaves=7
num_cat=0
split_feature=16 14 23 7 15 7
split_gain=188.893 33.361 21.5893 11.5664 10.6643 3.70025
threshold=1.0000000180025095e-35 1.0000000180025095e-35 1.0000000180025095e-35 1.0000000180025095e-35 1.0000000180025095e-35 1.0000000180025095e-35
decision_type=2 2 2 2 2 2
left_child=1 5 -2 -4 -3 -1
right_child=2 4 3 -5 -6 -7
leaf_value=0.0017652710815754347 -0.0025414959283776724 0.00048658050651171443 0.0014763633497717238 -0.0022380628156011065 -0.0015463385658809775 0
leaf_weight=86.772978857159615 56.978060334920883 16.20936644077301 5.833689868450163 3.2379311770200729 10.916246324777605 2.7990763783454886
leaf_count=440 140 70 29 8 33 11
internal_value=0 0.00123193 -0.00217445 6.70835e-05 -0.000312789 0.00170643
internal_weight=0 116.698 66.0497 9.07162 27.1256 89.5721
internal_count=731 554 177 37 103 451
is_linear=0
shrinkage=0.00161125


Tree=5
num_leaves=7
num_cat=0
split_feature=12 23 16 15 11 16
split_gain=190.282 28.2029 27.7644 13.1949 11.8442 8.22635
threshold=1.0000000180025095e-35 1.0000000180025095e-35 1.0000000180025095e-35 1.0000000180025095e-35 1.0000000180025095e-35 1.0000000180025095e-35
decision_type=2 2 2 2 2 2
left_child=2 4 -1 -3 5 -2
right_child=1 3 -4 -5 -6 -7
leaf_value=0.0016764316842168825 0.00040851159861418298 0.0029103260897156693 -0.00064442319481281213 -0.00083514070444883483 -0.0027552339974545063 -0.0021082403130470162
leaf_weight=94.056499093770981 5.7890593558549863 3.5403191894292814 15.086299166083334 6.7113421857357025 50.749530389904976 6.8129311501979828
leaf_count=472 25 21 54 23 118 18
internal_value=0 -0.00199973 0.00134943 0.00042268 -0.00240167 -0.000912264
internal_weight=0 73.6032 109.143 10.2517 63.3515 12.602
internal_count=731 205 526 44 161 43
is_linear=0
shrinkage=0.00161125


Tree=6
num_leaves=7
num_cat=0
split_feature=11 23 7 24 7 15
split_gain=154.867 33.674 18.2788 11.026 13.0127 6.88
threshold=1.0000000180025095e-35 1.0000000180025095e-35 1.0000000180025095e-35 1.0000000180025095e-35 1.0000000180025095e-35 1.0000000180025095e-35
decision_type=2 2 2 2 2 2
left_child=3 5 -3 4 -1 -2
right_child=1 2 -4 -5 -6 -7
leaf_value=0.001644478997314687 -0.0015681250002511514 0.0022402763464871313 -0.0016937805534708991 0.00013693966244833697 -0.00091751453125711992 -0.0027461608681913965
leaf_weight=82.197583392262459 27.047924846410751 7.3732351660728437 4.879141241312027 20.458784833550453 5.0700038522481909 35.717574819922447
leaf_count=411 82 40 14 84 17 83
internal_value=0 -0.00177542 0.000621558 0.00123705 0.00148708 -0.00225367
internal_weight=0 75.0179 12.2524 107.726 87.2676 62.7655
internal_count=731 219 54 512 428 165
is_linear=0
shrinkage=0.00161125


Tree=7
num_leaves=7
num_cat=0
split_feature=12 16 8 17 16 3
split_gain=189.256 27.6294 23.7845 24.9056 24.2599 4.76028
threshold=1.0000000180025095e-35 1.0000000180025095e-35 1.0000000180025095e-35 1.0000000180025095e-35 1.0000000180025095e-35 0.23947908007888308
decision_type=2 2 2 2 2 2
left_child=1 5 3 4 -2 -1
right_child=2 -3 -4 -5 -6 -7
leaf_value=0.0013449400765331706 0.0020741766594848388 -0.00064315942386504877 -0.0029518729379601396 -0.0025082763036215453 -0.0013970707246371452 0.0021592082788429875
leaf_weight=57.403013437986374 9.036750465631485 15.086226090788839 35.503631427884102 17.155849635601044 11.904993787407875 36.652176946401596
leaf_count=277 48 54 78 42 37 195
internal_value=0 0.00134578 -0.00199438 -0.00107721 7.54609e-05 0.00167199
internal_weight=0 109.141 73.6012 38.0976 20.9417 94.0552
internal_count=731 526 205 127 85 472
is_linear=0
shrinkage=0.00161125


Tree=8
num_leaves=7
num_cat=0
split_feature=12 16 11 24 16 17
split_gain=188.654 27.5425 25.5664 13.5376 8.92732 6.77044
threshold=1.0000000180025095e-35 1.0000000180025095e-35 1.0000000180025095e-35 1.0000000180025095e-35 1.0000000180025095e-35 1.0000000180025095e-35
decision_type=2 2 2 2 2 2
left_child=1 3 4 5 -2 -1
right_child=2 -3 -4 -5 -6 -7
leaf_value=0.0020936740625526018 0.0010708365601770646 -0.00064213523713341149 -0.0024839281701416935 0.00035133165175277482 -0.0013316087052307897 4.3548998806728823e-05
leaf_weight=71.257713422179222 7.6434032171964628 15.086193382740019 57.963529288768768 17.68187914788723 7.9928923547267914 5.1146963685750952
leaf_count=376 36 54 144 75 25 21
internal_value=0 0.00134363 -0.00199124 0.00166933 -0.000118606 0.00196494
internal_weight=0 109.14 73.5998 94.0543 15.6363 76.3724
internal_count=731 526 205 472 61 397
is_linear=0
shrinkage=0.00161125


Tree=9
num_leaves=7
num_cat=0
split_feature=19 8 15 15 24 30
split_gain=119.72 31.209 21.3188 10.8681 13.4027 9.79185
threshold=1.0000000180025095e-35 1.0000000180025095e-35 1.0000000180025095e-35 1.0000000180025095e-35 1.0000000180025095e-35 1.0000000180025095e-35
decision_type=2 2 2 2 2 2
left_child=3 2 -2 4 -1 -5
right_child=1 -3 -4 5 -6 -7
leaf_value=0.0016081750548691276 0.00060957477948330883 -0.0025987332462266313 -0.0016866182329229786 -0.0015289835736753967 5.6487340296429595e-05 0.0015148351244169416
leaf_weight=74.844235509634018 20.524940863251686 36.558172166347504 20.673274084925652 7.0034939646720868 18.963645309209824 4.1699507683515549
leaf_count=373 90 88 61 21 77 21
internal_value=0 -0.00151374 -0.000529549 0.00112165 0.00130178 -0.000332457
internal_weight=0 77.7564 41.1982 104.981 93.8079 11.1734
internal_count=731 239 151 492 450 42
is_linear=0
shrinkage=0.00161125


Tree=10
num_leaves=7
num_cat=0
split_feature=12 23 7 24 14 8
split_gain=187.65 28.0048 15.4553 12.846 24.0412 10.48
threshold=1.0000000180025095e-35 1.0000000180025095e-35 1.0000000180025095e-35 1.0000000180025095e-35 1.0000000180025095e-35 1.0000000180025095e-35
decision_type=2 2 2 2 2 2
left_child=3 5 -3 4 -1 -2
right_child=1 2 -4 -5 -6 -7
leaf_value=0.002032715337088248 -0.001680755786229023 0.0020577455363582336 -0.0018947846516471397 0.00015934250327186714 -1.3894490749144073e-05 -0.0030783354573248214
leaf_weight=70.390714809298515 32.07186196744442 6.1930273026227933 4.0582552254199982 20.627198621630669 18.120493739843369 31.274041250348091
leaf_count=369 95 33 11 85 72 66
internal_value=0 -0.00198597 0.000427834 0.00134006 0.00160738 -0.00238655
internal_weight=0 73.5972 10.2513 109.138 88.5112 63.3459
internal_count=731 205 44 526 441 161
is_linear=0
shrinkage=0.00161125


Tree=11
num_leaves=7
num_cat=0
split_feature=12 23 16 8 24 16
split_gain=187.053 27.9161 27.3841 13.8762 13.4194 10.8664
threshold=1.0000000180025095e-35 1.0000000180025095e-35 1.0000000180025095e-35 1.0000000180025095e-35 1.0000000180025095e-35 1.0000000180025095e-35
decision_type=2 2 2 2 2 2
left_child=2 5 4 -3 -1 -2
right_child=1 3 -4 -5 -6 -7
leaf_value=0.0019570411694301276 -0.0012128004065143916 0.0020232899799069583 -0.00064205597586577783 -0.0016961109588714655 0.00035026842948644667 -0.0028035971731573003
leaf_weight=76.369203582406044 17.311691179871559 6.0244144946336728 15.086151599884031 4.2267694622278214 17.681828960776329 46.032538652420044
leaf_count=397 56 32 54 12 75 105
internal_value=0 -0.00198284 0.00133792 0.000427056 0.00166271 -0.0023828
internal_weight=0 73.5954 109.137 10.2512 94.051 63.3442
internal_count=731 205 526 44 472 161
is_linear=0
shrinkage=0.00161125


Tree=12
num_leaves=7
num_cat=0
split_feature=12 23 16 24 16 17
split_gain=186.458 27.8277 27.2982 13.3755 10.8308 16.6017
threshold=1.0000000180025095e-35 1.0000000180025095e-35 1.0000000180025095e-35 1.0000000180025095e-35 1.0000000180025095e-35 1.0000000180025095e-35
decision_type=2 2 2 2 2 2
left_child=2 4 3 -1 5 -2
right_child=1 -3 -4 -5 -6 -7
leaf_value=0.0019539310399881008 0.0001780629227711438 0.00042628278304236239 -0.00064103368174393285 0.00034970953444468476 -0.0027992032645905666 -0.0029131801843593208
leaf_weight=76.36776602268219 9.4085039496421832 10.251078873872755 15.086115658283232 17.681801468133926 46.030758649110794 7.903070166707038
leaf_count=397 39 44 54 75 105 17
internal_value=0 -0.00197973 0.00133578 0.00166007 -0.00237907 -0.00121087
internal_weight=0 73.5934 109.136 94.0496 63.3423 17.3116
internal_count=731 205 526 472 161 56
is_linear=0
shrinkage=0.00161125


Tree=13
num_leaves=7
num_cat=0
split_feature=16 14 37 24 15 7
split_gain=184.311 32.5914 18.5882 14.111 10.4537 6.31889
threshold=1.0000000180025095e-35 1.0000000180025095e-35 1.0000000180025095e-35 1.0000000180025095e-35 1.0000000180025095e-35 1.0000000180025095e-35
decision_type=2 2 2 2 2 2
left_child=1 3 -2 5 -3 -1
right_child=2 4 -4 -5 -6 -7
leaf_value=0.0020959063987913765 -0.00084939232452021824 0.00048141589824365785 -0.0027399051025269114 0.00034911499492151386 -0.0015312479127829899 -0.00030282752560003824
leaf_weight=69.419685587286949 21.121860191226006 16.208461984992027 44.916504070162773 17.681757301092148 10.915240138769152 2.4617221057415
leaf_count=367 73 70 104 75 33 9
internal_value=0 0.00121688 -0.00214817 0.00168592 -0.000309743 0.00200458
internal_weight=0 116.687 66.0384 89.5632 27.1237 71.8814
internal_count=731 554 177 451 103 376
is_linear=0
shrinkage=0.00161125


Tree=14
num_leaves=7
num_cat=0
split_feature=12 16 11 24 30 16
split_gain=185.388 27.1014 25.3191 13.2941 8.88602 8.80199
threshold=1.0000000180025095e-35 1.0000000180025095e-35 1.0000000180025095e-35 1.0000000180025095e-35 1.0000000180025095e-35 1.0000000180025095e-35
decision_type=2 2 2 2 2 2
left_child=1 3 5 -1 -4 -2
right_child=2 -3 4 -5 -6 -7
leaf_value=0.001948058548833703 0.0010703712900167416 -0.00063762161893021665 -0.0026466117927653487 0.00034858060137049818 -0.00011702474403949615 -0.0013156113691497615
leaf_weight=76.364511728286743 7.6432380676269513 15.085952907800673 53.514031767845154 17.681742191314697 4.4397992193698874 7.9920353293418884
leaf_count=397 36 54 127 75 17 25
internal_value=0 0.00133195 -0.00197412 0.00165508 -0.00246445 -0.000110528
internal_weight=0 109.132 73.5891 94.0463 57.9538 15.6353
internal_count=731 526 205 472 144 61
is_linear=0
shrinkage=0.00161125


Tree=15
num_leaves=7
num_cat=0
split_feature=12 16 11 24 16 8
split_gain=184.799 27.0165 25.2397 13.2507 8.77439 7.81129
threshold=1.0000000180025095e-35 1.0000000180025095e-35 1.0000000180025095e-35 1.0000000180025095e-35 1.0000000180025095e-35 1.0000000180025095e-35
decision_type=2 2 2 2 2 2
left_child=1 3 4 -1 -2 -4
right_child=2 -3 5 -5 -6 -7
leaf_value=0.001944973466067882 0.001068685257354014 -0.00063660695077521188 -0.0017284669489950708 0.00034802447194103855 -0.0013135519902454972 -0.0030267129507116296
leaf_weight=76.362656161189079 7.6432109773159009 15.085903882980345 26.032006770372391 17.681711465120316 7.9919158965349197 31.919546410441399
leaf_count=397 36 54 76 75 25 68
internal_value=0 0.00132983 -0.00197103 0.00165246 -0.000110291 -0.0024606
internal_weight=0 109.13 73.5867 94.0444 15.6351 57.9516
internal_count=731 526 205 472 61 144
is_linear=0
shrinkage=0.00161125


Tree=16
num_leaves=7
num_cat=0
split_feature=16 11 23 8 24 37
split_gain=182.66 23.7123 21.1773 12.1032 11.5381 9.69429
threshold=1.0000000180025095e-35 1.0000000180025095e-35 1.0000000180025095e-35 1.0000000180025095e-35 1.0000000180025095e-35 1.0000000180025095e-35
decision_type=2 2 2 2 2 2
left_child=1 4 5 -3 -1 -2
right_child=2 3 -4 -5 -6 -7
leaf_value=0.001867433825835331 -0.0013745631060980623 0.00051452280391423748 8.0915996038961413e-05 -0.0019620253191889943 0.00037429231827806111 -0.0029449869281925776
leaf_weight=74.315892487764359 16.636184811592102 17.533941984176639 9.0709506422281247 6.9802594482898703 17.850255161523819 40.324761211872101
leaf_count=383 52 76 37 19 76 88
internal_value=0 0.00121141 -0.00213868 -0.000173315 0.00158617 -0.00250236
internal_weight=0 116.68 66.0319 24.5142 92.1661 56.9609
internal_count=731 554 177 95 459 140
is_linear=0
shrinkage=0.00161125


Tree=17
num_leaves=7
num_cat=0
split_feature=12 23 7 8 17 17
split_gain=183.751 27.6185 15.3019 10.3199 17.5882 10.2139
threshold=1.0000000180025095e-35 1.0000000180025095e-35 1.0000000180025095e-35 1.0000000180025095e-35 1.0000000180025095e-35 1.0000000180025095e-35
decision_type=2 2 2 2 2 2
left_child=5 3 -3 4 -2 -1
right_child=1 2 -4 -5 -6 -7
leaf_value=0.0014618042653705672 -0.0005029291766414307 0.0020531331370218725 -0.0018794374688943978 -0.0030501495430965233 -0.0029485764251509805 -0.00041059494716509567
leaf_weight=101.57227888703346 17.23015308380127 6.1928680539131147 4.0577343553304672 31.264038234949112 14.836564242839811 7.5538028329610816
leaf_count=498 63 33 11 66 32 28
internal_value=0 -0.00196552 0.000431327 -0.00236345 -0.00166282 0.00132606
internal_weight=0 73.5814 10.2506 63.3308 32.0667 109.126
internal_count=731 205 44 161 95 526
is_linear=0
shrinkage=0.00161125


Tree=18
num_leaves=7
num_cat=0
split_feature=16 17 37 24 17 14
split_gain=181.693 51.5333 18.3563 11.5341 8.45658 8.34381
threshold=1.0000000180025095e-35 1.0000000180025095e-35 1.0000000180025095e-35 1.0000000180025095e-35 1.0000000180025095e-35 1.0000000180025095e-35
decision_type=2 2 2 2 2 2
left_child=1 3 4 5 -2 -1
right_child=2 -3 -4 -5 -6 -7
leaf_value=0.0021418704638339328 -0.00011207308556665627 -0.0014809154346347485 -0.0027212893288196959 0.00047770209996158831 -0.0023575339844415814 0.00068836863873370771
leaf_weight=67.432870417833328 14.646159529685976 15.646507084369658 44.906047478318214 19.68207660317421 6.4745485186576834 13.914451584219931
leaf_count=359 57 48 104 85 16 62
internal_value=0 0.00120818 -0.00213313 0.0016325 -0.000842252 0.00190275
internal_weight=0 116.676 66.0268 101.029 21.1207 81.3473
internal_count=731 554 177 506 73 421
is_linear=0
shrinkage=0.00161125


Tree=19
num_leaves=7
num_cat=0
split_feature=11 37 7 25 3 4
split_gain=149.181 29.0299 9.15829 7.65794 5.82474 5.79004
threshold=1.0000000180025095e-35 1.0000000180025095e-35 1.0000000180025095e-35 1.0000000180025095e-35 0.23947908007888308 1.0000000180025095e-35
decision_type=2 2 2 2 2 2
left_child=2 -2 4 -3 5 -1
right_child=1 3 -4 -5 -6 -7
leaf_value=0.0018938532253653119 -0.0003342831806983146 -0.0026707625385911848 -0.00077170064439969317 -0.00023463132430089336 0.0018456972480992444 0.00070984216016981949
leaf_weight=15.204299584031103 25.963417112827301 44.757669225335121 5.2375103980302802 4.2707205712795249 37.904099524021149 49.359465166926384
leaf_count=79 98 105 18 16 195 220
internal_value=0 -0.00174296 0.0012141 -0.00247273 0.00132274 0.00100229
internal_weight=0 74.9918 107.705 49.0284 102.468 64.5638
internal_count=731 219 512 121 494 299
is_linear=0
shrinkage=0.00161125


Tree=20
num_leaves=7
num_cat=0
split_feature=16 11 23 15 24 15
split_gain=180.774 23.3847 21.0199 13.5042 11.4734 6.54588
threshold=1.0000000180025095e-35 1.0000000180025095e-35 1.0000000180025095e-35 1.0000000180025095e-35 1.0000000180025095e-35 1.0000000180025095e-35
decision_type=2 2 2 2 2 2
left_child=1 4 -2 -3 -1 -4
right_child=2 3 5 -5 -6 -7
leaf_value=0.001857770619721526 -0.002490239127361839 0.00086858352235008585 0.0019518685524291613 -0.0015144061491837231 0.00036884547907699864 -0.00084690295100434577
leaf_weight=74.308519616723061 56.95091038942337 13.599455147981644 3.1808606982231122 10.913432702422142 17.849870204925537 5.8897916227579117
leaf_count=383 140 62 17 33 76 20
internal_value=0 0.00120512 -0.00212784 -0.000169863 0.0015773 8.32887e-05
internal_weight=0 116.671 66.0216 24.5129 92.1584 9.07065
internal_count=731 554 177 95 459 37
is_linear=0
shrinkage=0.00161125


Tree=21
num_leaves=7
num_cat=0
split_feature=37 30 15 23 24 19
split_gain=123.287 22.2311 18.1422 12.3793 10.0624 9.43765
threshold=1.0000000180025095e-35 1.0000000180025095e-35 1.0000000180025095e-35 1.0000000180025095e-35 1.0000000180025095e-35 1.0000000180025095e-35
decision_type=2 2 2 2 2 2
left_child=2 5 4 -4 -1 -2
right_child=1 -3 3 -5 -6 -7
leaf_value=0.0014549872053170956 -0.00038371737170448587 0.00083776437645126682 -0.0015205326331085758 0.0013520689939861511 0.00013112396859561241 -0.0024337263693789343
leaf_weight=83.58071506023407 7.5513842403888694 6.7991349399089804 11.565257161855699 5.4959012269973746 19.468766391277313 48.225964933633804
leaf_count=410 28 31 35 27 80 120
internal_value=0 -0.00183126 0.000955009 -0.000554886 0.00121153 -0.00216925
internal_weight=0 62.5765 120.111 17.0612 103.049 55.7773
internal_count=731 179 552 62 490 148
is_linear=0
shrinkage=0.00161125


Tree=22
num_leaves=7
num_cat=0
split_feature=37 17 23 7 19 24
split_gain=122.896 57.5732 19.8072 14.307 13.282 9.92821
threshold=1.0000000180025095e-35 1.0000000180025095e-35 1.0000000180025095e-35 1.0000000180025095e-35 1.0000000180025095e-35 1.0000000180025095e-35
decision_type=2 2 2 2 2 2
left_child=1 5 4 -4 -2 -1
right_child=2 -3 3 -5 -6 -7
leaf_value=0.0016555197213848055 0 -0.0018208715369783148 0.0028923082211602712 -0.0011346641433952708 -0.0025169971020534265 0.00037388981258083142
leaf_weight=82.532239675521851 6.5846128314733496 16.421944051980972 3.3715441375970823 6.2039877325296402 46.413689494132996 21.154546037316322
leaf_count=415 26 47 20 20 113 90
internal_value=0 0.000953497 -0.00182839 0.000242802 -0.002214 0.00140104
internal_weight=0 120.109 62.5738 9.57553 52.9983 103.687
internal_count=731 552 179 40 139 505
is_linear=0
shrinkage=0.00161125


Tree=23
num_leaves=7
num_cat=0
split_feature=11 8 17 17 24 30
split_gain=147.604 26.1035 24.9036 17.8716 13.8735 5.69322
threshold=1.0000000180025095e-35 1.0000000180025095e-35 1.0000000180025095e-35 1.0000000180025095e-35 1.0000000180025095e-35 1.0000000180025095e-35
decision_type=2 2 2 2 2 2
left_child=2 3 4 5 -1 -2
right_child=1 -3 -4 -5 -6 -7
leaf_value=0.0017242283923980099 -0.00022265443762099665 -0.0027633436436057864 -0.0015313580621742705 -0.0020507985667554511 0.00018038188633806741 0.0019960222767952084
leaf_weight=80.236379697918892 19.56611625850201 34.702912151813507 7.6544952541589728 17.362352803349495 19.805844217538834 3.3491681367158881
leaf_count=407 75 79 23 47 82 18
internal_value=0 -0.00173388 0.0012077 -0.000824075 0.0014256 8.59101e-05
internal_weight=0 74.9805 107.697 40.2776 100.042 22.9153
internal_count=731 219 512 140 489 93
is_linear=0
shrinkage=0.00161125


Tree=24
num_leaves=7
num_cat=0
split_feature=12 23 8 24 14 8
split_gain=180.637 27.3345 13.6131 12.4651 23.3929 10.0885
threshold=1.0000000180025095e-35 1.0000000180025095e-35 1.0000000180025095e-35 1.0000000180025095e-35 1.0000000180025095e-35 1.0000000180025095e-35
decision_type=2 2 2 2 2 2
left_child=3 5 -3 4 -1 -2
right_child=1 2 -4 -5 -6 -7
leaf_value=0.0019978437539304511 -0.0016517382101501989 0.0020161517616594754 -0.0016671911119714375 0.00015134760635299857 -2.0791276202993143e-05 -0.003024768681073525
leaf_weight=70.36667263507843 32.060730174183846 6.0240005999803525 4.2253995686769485 20.626450821757317 18.118111506104469 31.250221237540245
leaf_count=369 95 32 12 85 72 66
internal_value=0 -0.00194918 0.000435212 0.00131476 0.00157814 -0.00234518
internal_weight=0 73.5604 10.2494 109.111 88.4848 63.311
internal_count=731 205 44 526 441 161
is_linear=0
shrinkage=0.00161125


Tree=25
num_leaves=7
num_cat=0
split_feature=16 11 5 8 7 11
split_gain=178.763 22.9989 12.1771 11.3382 5.56441 4.01477
threshold=1.0000000180025095e-35 1.0000000180025095e-35 1.0000000180025095e-35 1.0000000180025095e-35 1.0000000180025095e-35 1.0000000180025095e-35
decision_type=2 2 2 2 2 2
left_child=1 -1 -3 4 5 -2
right_child=3 2 -4 -5 -6 -7
leaf_value=0.0015675300146941057 -0.00019573261237957807 0.00046766525814215281 -0.0021144543280678376 -0.0028718930300338946 -0.0025698267726579544 -0.0015484166082955907
leaf_weight=92.147017106413841 10.689826533198357 18.352925509214405 6.1576531231403342 29.989151448011398 9.3702940195798856 15.957983821630478
leaf_count=459 41 79 16 66 22 48
internal_value=0 0.00119842 -0.000165018 -0.00211625 -0.00145998 -0.00103351
internal_weight=0 116.658 24.5106 66.0073 36.0181 26.6478
internal_count=731 554 95 177 111 89
is_linear=0
shrinkage=0.00161125


Tree=26
num_leaves=7
num_cat=0
split_feature=12 23 8 24 11 17
split_gain=179.608 27.2245 13.5429 12.4309 11.1638 11.0293
threshold=1.0000000180025095e-35 1.0000000180025095e-35 1.0000000180025095e-35 1.0000000180025095e-35 1.0000000180025095e-35 1.0000000180025095e-35
decision_type=2 2 2 2 2 2
left_child=3 4 -3 5 -2 -1
right_child=1 2 -4 -5 -6 -7
leaf_value=0.0017404745702019795 -0.00089042578060349756 0.0020126619331396318 -0.0016611000452114888 0.00014917819385566587 -0.0026827479038641876 -0.00029984186732207724
leaf_weight=81.577995628118515 12.598344296216963 6.023888170719145 4.2250316143035889 20.626208528876305 50.705172941088676 6.9014793634414664
leaf_count=415 43 32 12 85 118 26
internal_value=0 -0.00194378 0.000435761 0.00131099 -0.00233903 0.00157401
internal_weight=0 73.5524 10.2489 109.106 63.3035 88.4795
internal_count=731 205 44 526 161 441
is_linear=0
shrinkage=0.00161125


Tree=27
num_leaves=7
num_cat=0
split_feature=17 19 23 24 23 25
split_gain=113.821 42.0018 26.7919 11.6462 10.6192 4.75912
threshold=1.0000000180025095e-35 1.0000000180025095e-35 1.0000000180025095e-35 1.0000000180025095e-35 1.0000000180025095e-35 1.0000000180025095e-35
decision_type=2 2 2 2 2 2
left_child=1 3 5 -1 -2 -3
right_child=4 2 -4 -5 -6 -7
leaf_value=0.0015712345815412278 -0.0027027030549786305 -0.0013313252133412613 0.0025028615808475006 0.00017528957544239802 -0.00045463415919164097 0.00047406797066895916
leaf_weight=76.810315847396851 34.55394072830677 33.590505078434944 5.8770543932914725 20.794158384203911 7.3840373158454886 3.6410662531852713
leaf_count=383 80 106 33 86 27 16
internal_value=0 0.000694511 -0.000618755 0.00128101 -0.00232496 -0.00113675
internal_weight=0 140.713 43.1086 97.6045 41.938 37.2316
internal_count=731 624 155 469 107 122
is_linear=0
shrinkage=0.00161125


Tree=28
num_leaves=7
num_cat=0
split_feature=12 23 15 14 37 3
split_gain=178.683 27.0683 12.8065 11.3427 9.45339 9.07902
threshold=1.0000000180025095e-35 1.0000000180025095e-35 1.0000000180025095e-35 1.0000000180025095e-35 1.0000000180025095e-35 1.0000000180025095e-35
decision_type=2 2 2 2 2 2
left_child=3 4 -3 5 -2 -1
right_child=1 2 -4 -5 -6 -7
leaf_value=0.0010097909992138059 -0.0012983444609259748 0.0028842238440613889 -0.00080458470573151186 0.00016097318394807215 -0.0027541165260598559 0.0020837513964986538
leaf_weight=45.145653039216995 18.924944177269936 3.5396067798137647 6.7090364098548889 19.634651303291321 44.371188938617706 44.320316478610039
leaf_count=210 60 21 23 81 101 235
internal_value=0 -0.00193889 0.000433677 0.00130761 -0.00233304 0.00155154
internal_weight=0 73.5448 10.2486 109.101 63.2961 89.466
internal_count=731 205 44 526 161 445
is_linear=0
shrinkage=0.00161125


Tree=29
num_leaves=7
num_cat=0
split_feature=12 23 7 8 17 17
split_gain=178.121 26.985 14.987 9.98441 17.2658 9.89653
threshold=1.0000000180025095e-35 1.0000000180025095e-35 1.0000000180025095e-35 1.0000000180025095e-35 1.0000000180025095e-35 1.0000000180025095e-35
decision_type=2 2 2 2 2 2
left_child=5 3 -3 4 -2 -1
right_child=1 2 -4 -5 -6 -7
leaf_value=0.0014392394226540859 -0.00049003089012443534 0.0020382213407516376 -0.0018535103512695881 -0.0030057875888796874 -0.0029137518232814942 -0.0004029131786783452
leaf_weight=101.54441727697849 17.226437702775002 6.1921730339527112 4.0562904626131058 31.236980274319649 14.828298538923262 7.5534849166870108
leaf_count=498 63 33 11 66 32 28
internal_value=0 -0.00193591 0.000432939 -0.00232948 -0.00163947 0.00130556
internal_weight=0 73.5402 10.2485 63.2917 32.0547 109.098
internal_count=731 205 44 161 95 526
is_linear=0
shrinkage=0.00161125


Tree=30
num_leaves=7
num_cat=0
split_feature=12 23 7 24 14 11
split_gain=177.562 26.9017 14.9409 12.3783 23.1741 11.0875
threshold=1.0000000180025095e-35 1.0000000180025095e-35 1.0000000180025095e-35 1.0000000180025095e-35 1.0000000180025095e-35 1.0000000180025095e-35
decision_type=2 2 2 2 2 2
left_child=3 5 -3 4 -1 -2
right_child=1 2 -4 -5 -6 -7
leaf_value=0.0019837787055399301 -0.00088226278142200607 0.0020350526979370032 -0.0018507119025725565 0.00014420402413255236 -2.5376414769528509e-05 -0.002668566515326046
leaf_weight=70.352242276072502 12.597227126359938 6.1920678764581663 4.0561174154281616 20.625703364610672 18.117283493280411 50.689661830663681
leaf_count=369 43 33 11 85 72 118
internal_value=0 -0.00193297 0.000432161 0.00130349 0.00156595 -0.00232596
internal_weight=0 73.5351 10.2482 109.095 88.4695 63.2869
internal_count=731 205 44 526 441 161
is_linear=0
shrinkage=0.00161125


Tree=31
num_leaves=7
num_cat=0
split_feature=16 17 23 7 37 17
split_gain=176.362 50.0918 20.5447 11.151 9.16376 6.24505
threshold=1.0000000180025095e-35 1.0000000180025095e-35 1.0000000180025095e-35 1.0000000180025095e-35 1.0000000180025095e-35 1.0000000180025095e-35
decision_type=2 2 2 2 2 2
left_child=1 -1 4 -4 5 -2
right_child=2 -3 3 -5 -6 -7
leaf_value=0.0016088012744055261 -0.00064291501522157116 -0.0014609789373188371 0.0014667868509481805 -0.0021795151603739779 -0.0028923754695308348 -0.0029147586270061336
leaf_weight=100.99492025375366 11.801512166857721 15.641878321766852 5.833524674177168 3.2360185980796814 40.283095076680183 4.8309141993522635
leaf_count=506 42 48 29 8 88 10
internal_value=0 0.00119034 -0.00210246 8.28525e-05 -0.00246093 -0.0013613
internal_weight=0 116.637 65.9851 9.06954 56.9155 16.6324
internal_count=731 554 177 37 140 52
is_linear=0
shrinkage=0.00161125


Tree=32
num_leaves=7
num_cat=0
split_feature=12 23 8 24 11 17
split_gain=176.534 26.7673 13.3806 12.3496 11.028 10.8509
threshold=1.0000000180025095e-35 1.0000000180025095e-35 1.0000000180025095e-35 1.0000000180025095e-35 1.0000000180025095e-35 1.0000000180025095e-35
decision_type=2 2 2 2 2 2
left_child=3 4 -3 5 -2 -1
right_child=1 2 -4 -5 -6 -7
leaf_value=0.001727003822272085 -0.00087959251421787759 0.0019993829576561558 -0.0016524451107309867 0.00014177178129463116 -0.0026613710348902943 -0.00029614619391673196
leaf_weight=81.561604365706444 12.596565797924994 6.0233069062232953 4.2242838740348816 20.625381603837013 50.680709347128868 6.9013885855674735
leaf_count=415 43 32 12 85 118 26
internal_value=0 -0.00192757 0.000431581 0.00129969 -0.00231962 0.00156185
internal_weight=0 73.5249 10.2476 109.088 63.2773 88.463
internal_count=731 205 44 526 161 441
is_linear=0
shrinkage=0.00161125


Tree=33
num_leaves=7
num_cat=0
split_feature=12 16 11 24 16 16
split_gain=175.978 26.1551 24.267 12.8707 8.47167 5.68483
threshold=1.0000000180025095e-35 1.0000000180025095e-35 1.0000000180025095e-35 1.0000000180025095e-35 1.0000000180025095e-35 1.0000000180025095e-35
decision_type=2 2 2 2 2 2
left_child=1 3 4 -1 -2 -4
right_child=2 -3 5 -5 -6 -7
leaf_value=0.001903647499820903 0.0010585451549938129 -0.00063684843303991564 -0.0014327999456586545 0.00032949267697839242 -0.0012830232341408242 -0.0027236124611515976
leaf_weight=76.320177853107452 7.6419385224580747 15.084890216588972 14.986783787608145 17.680033415555954 7.9880015403032303 42.90275801718235
leaf_count=397 36 54 46 75 25 98
internal_value=0 0.00129763 -0.00192463 0.00161528 -9.93452e-05 -0.00240504
internal_weight=0 109.085 73.5195 94.0002 15.6299 57.8895
internal_count=731 526 205 472 61 144
is_linear=0
shrinkage=0.00161125


Tree=34
num_leaves=7
num_cat=0
split_feature=11 8 17 17 25 15
split_gain=143.08 25.443 24.3641 17.488 7.12604 5.86694
threshold=1.0000000180025095e-35 1.0000000180025095e-35 1.0000000180025095e-35 1.0000000180025095e-35 1.0000000180025095e-35 1.0000000180025095e-35
decision_type=2 2 2 2 2 2
left_child=2 3 -1 4 -2 -5
right_child=1 -3 -4 5 -6 -7
leaf_value=0.0014046432004357764 -0.00035899164591559333 -0.0027248727949669032 -0.0015201448225556108 -0.00061415403751386246 0.0017789924954059934 -0.002736449539385202
leaf_weight=100.00947190821171 17.897320076823238 34.670637145638466 7.6529774516820899 6.2242203503847131 5.0121790468692771 11.128459185361862
leaf_count=489 67 79 23 22 26 25
internal_value=0 -0.00170786 0.00118901 -0.000809371 9.05825e-05 -0.00202339
internal_weight=0 74.9328 107.662 40.2622 22.9095 17.3527
internal_count=731 219 512 140 93 47
is_linear=0
shrinkage=0.00161125


Tree=35
num_leaves=7
num_cat=0
split_feature=11 23 17 7 37 17
split_gain=142.63 31.9776 24.2881 17.6196 12.1758 13.6625
threshold=1.0000000180025095e-35 1.0000000180025095e-35 1.0000000180025095e-35 1.0000000180025095e-35 1.0000000180025095e-35 1.0000000180025095e-35
decision_type=2 2 2 2 2 2
left_child=2 4 -1 -3 5 -2
right_child=1 3 -4 -5 -6 -7
leaf_value=0.0014024248773225839 8.0477486630038032e-05 0.0022191814074271747 -0.0015177659868384722 -0.0016427582229109556 -0.002667067924850768 -0.0025376906269920464
leaf_weight=100.0065194517374 11.045948311686516 7.3720987290143949 7.6528696566820136 4.8753278106451035 42.748922005295753 8.8855407685041428
leaf_count=489 45 40 23 14 99 21
internal_value=0 -0.00170527 0.00118712 0.000630019 -0.00217198 -0.00106631
internal_weight=0 74.9278 107.659 12.2474 62.6804 19.9315
internal_count=731 219 512 54 165 66
is_linear=0
shrinkage=0.00161125


Tree=36
num_leaves=7
num_cat=0
split_feature=16 11 37 30 3 37
split_gain=174.178 22.1266 17.3904 9.00809 5.82209 5.02703
threshold=1.0000000180025095e-35 1.0000000180025095e-35 1.0000000180025095e-35 1.0000000180025095e-35 0.23947908007888308 1.0000000180025095e-35
decision_type=2 2 2 2 2 2
left_child=1 4 -2 5 -1 -3
right_child=2 3 -4 -5 -6 -7
leaf_value=0.0012035726000503523 -0.0008319663864538719 1.5595904190757033e-05 -0.0026632486575048553 0.0017455674492661609 0.0021032261373709793 -0.001560904763053788
leaf_weight=58.161980807781219 21.114812180399895 10.876866385340694 44.847199887037277 4.8427834659814826 33.952283069491386 8.7825822085142136
leaf_count=278 73 44 104 25 181 26
internal_value=0 0.0011829 -0.00208991 -0.000154142 0.001545 -0.000663901
internal_weight=0 116.616 65.962 24.5022 92.1143 19.6594
internal_count=731 554 177 95 459 70
is_linear=0
shrinkage=0.00161125


Tree=37
num_leaves=7
num_cat=0
split_feature=12 16 11 16 16 17
split_gain=174.153 25.8998 23.9663 8.39366 5.62182 7.56076
threshold=1.0000000180025095e-35 1.0000000180025095e-35 1.0000000180025095e-35 1.0000000180025095e-35 1.0000000180025095e-35 1.0000000180025095e-35
decision_type=2 2 2 2 2 2
left_child=1 -1 3 -2 5 -4
right_child=2 -3 4 -5 -6 -7
leaf_value=0.0016070051458867409 0.0010515996729073527 -0.00063403468768990568 0 -0.0012790734996948588 -0.0027095654652267375 -0.00231773642370287
leaf_weight=93.986724257469177 7.6415113508701307 15.084276974201201 5.7632242888212177 7.9874227046966553 42.88520859181881 9.2210486680269241
leaf_count=472 36 54 23 25 98 23
internal_value=0 0.00129087 -0.00191499 -0.000100727 -0.00239257 -0.00142514
internal_weight=0 109.071 73.4984 15.6289 57.8695 14.9843
internal_count=731 526 205 61 144 46
is_linear=0
shrinkage=0.00161125


Tree=38
num_leaves=7
num_cat=0
split_feature=12 23 8 14 11 3
split_gain=173.606 26.5503 13.233 11.1227 10.76 9.02645
threshold=1.0000000180025095e-35 1.0000000180025095e-35 1.0000000180025095e-35 1.0000000180025095e-35 1.0000000180025095e-35 1.0000000180025095e-35
decision_type=2 2 2 2 2 2
left_child=3 4 -3 5 -2 -1
right_child=1 2 -4 -5 -6 -7
leaf_value=0.0009904151525023453 -0.00087887539001886734 0.0019965027285884594 -0.0016348868384486667 0.00015315880160952041 -0.0026406417146761499 0.0020609622181298648
leaf_weight=45.131726786494255 12.595360189676283 6.0228956043720228 4.2227541208267212 19.631975650787354 50.651343926787376 44.303267240524292
leaf_count=210 43 32 12 81 118 235
internal_value=0 -0.00191209 0.000437508 0.00128883 -0.00230274 0.00153042
internal_weight=0 73.4924 10.2456 109.067 63.2467 89.435
internal_count=731 205 44 526 161 445
is_linear=0
shrinkage=0.00161125


Tree=39
num_leaves=7
num_cat=0
split_feature=12 16 11 24 16 8
split_gain=173.063 25.7965 23.835 12.8597 8.3651 7.36129
threshold=1.0000000180025095e-35 1.0000000180025095e-35 1.0000000180025095e-35 1.0000000180025095e-35 1.0000000180025095e-35 1.0000000180025095e-35
decision_type=2 2 2 2 2 2
left_child=1 3 4 -1 -2 -4
right_child=2 -3 5 -5 -6 -7
leaf_value=0.0018905937618787605 0.0010504966877255574 -0.00063418506802811092 -0.0016730438230349893 0.00031746535837113719 -0.0012762802507931073 -0.0029365105916499541
leaf_weight=76.300813540816307 7.641380622982977 15.084250107407568 26.004092752933502 17.678277179598808 7.9870003461837769 31.853561714291573
leaf_count=397 36 54 76 75 25 68
internal_value=0 0.00128682 -0.0019092 0.00160236 -9.98084e-05 -0.00238555
internal_weight=0 109.063 73.486 93.9791 15.6284 57.8577
internal_count=731 526 205 472 61 144
is_linear=0
shrinkage=0.00161125


Tree=40
num_leaves=7
num_cat=0
split_feature=12 23 7 24 11 11
split_gain=172.521 26.4598 14.6571 12.2692 10.6843 10.1012
threshold=1.0000000180025095e-35 1.0000000180025095e-35 1.0000000180025095e-35 1.0000000180025095e-35 1.0000000180025095e-35 1.0000000180025095e-35
decision_type=2 2 2 2 2 2
left_child=3 4 -3 5 -2 -1
right_child=1 2 -4 -5 -6 -7
leaf_value=0.0017956087425337183 -0.00087717693013132062 0.0020267931471733432 -0.0018217315733836735 0.00013084683136384295 -0.0026331796509968686 0.00029651860915366816
leaf_weight=73.242518708109856 12.594932213425635 6.191272705793379 4.0536418706178665 20.6234992146492 50.639895617961884 15.19273556768894
leaf_count=377 43 33 11 85 118 64
internal_value=0 -0.00190632 0.000439273 0.00128481 -0.00229636 0.00154613
internal_weight=0 73.4797 10.2449 109.059 63.2348 88.4353
internal_count=731 205 44 526 161 441
is_linear=0
shrinkage=0.00161125


Tree=41
num_leaves=7
num_cat=0
split_feature=12 23 16 8 24 11
split_gain=171.983 26.3784 25.6975 13.1405 12.7796 10.6517
threshold=1.0000000180025095e-35 1.0000000180025095e-35 1.0000000180025095e-35 1.0000000180025095e-35 1.0000000180025095e-35 1.0000000180025095e-35
decision_type=2 2 2 2 2 2
left_child=2 5 4 -3 -1 -2
right_child=1 3 -4 -5 -6 -7
leaf_value=0.0018851469683771327 -0.00087579149203460989 0.0019920643806932464 -0.00063446076401613269 -0.00162658406068769 0.00031675152289405422 -0.0026292682996832614
leaf_weight=76.292243376374245 12.594780862331389 6.0226029902696592 15.084207311272619 4.2219120860099792 17.678159788250923 50.633752465248108
leaf_count=397 43 32 54 12 75 118
internal_value=0 -0.00190344 0.00128281 0.00043849 0.00159778 -0.00229292
internal_weight=0 73.473 109.055 10.2445 93.9704 63.2285
internal_count=731 205 526 44 472 161
is_linear=0
shrinkage=0.00161125


Tree=42
num_leaves=7
num_cat=0
split_feature=12 23 16 24 15 16
split_gain=171.445 26.2974 25.618 12.739 12.5561 10.0736
threshold=1.0000000180025095e-35 1.0000000180025095e-35 1.0000000180025095e-35 1.0000000180025095e-35 1.0000000180025095e-35 1.0000000180025095e-35
decision_type=2 2 2 2 2 2
left_child=2 5 3 -1 -3 -2
right_child=1 4 -4 -5 -6 -7
leaf_value=0.0018822311434777764 -0.0011605060873664053 0.002864349846519767 -0.00063345152115233216 0.00031624713349021999 -0.00078801192014432719 -0.0026956465477506455
leaf_weight=76.287560477852821 17.296112537384033 3.5385507941246015 15.084148719906805 17.678075909614563 6.7055838257074356 45.92595699429512
leaf_count=397 56 21 54 75 23 105
internal_value=0 -0.00190058 0.0012808 0.0015953 0.000437712 -0.00228949
internal_weight=0 73.4662 109.05 93.9656 10.2441 63.2221
internal_count=731 205 526 472 44 161
is_linear=0
shrinkage=0.00161125


Tree=43
num_leaves=7
num_cat=0
split_feature=11 23 14 24 15 37
split_gain=139.22 31.4627 17.1881 22.6155 12.6883 11.945
threshold=1.0000000180025095e-35 1.0000000180025095e-35 1.0000000180025095e-35 1.0000000180025095e-35 1.0000000180025095e-35 1.0000000180025095e-35
decision_type=2 2 2 2 2 2
left_child=2 5 3 -1 -3 -2
right_child=1 4 -4 -5 -6 -7
leaf_value=0.0018986884101384229 -0.0010530612661942284 0.0024298972076911575 -0.00018421542424300905 -4.8547639919658049e-05 -0.00078578133237652392 -0.0026394712551791829
leaf_weight=69.441605940461159 19.924457147717476 5.5392243564128858 19.077848672866821 19.10594268143177 6.705418273806572 42.709714993834496
leaf_count=362 66 31 74 76 23 99
internal_value=0 -0.00168547 0.00117287 0.00147213 0.000630837 -0.00214872
internal_weight=0 74.8788 107.625 88.5475 12.2446 62.6342
internal_count=731 219 512 438 54 165
is_linear=0
shrinkage=0.00161125


Tree=44
num_leaves=7
num_cat=0
split_feature=12 11 24 11 8 7
split_gain=170.508 23.5398 12.1222 9.9758 7.30663 6.81064
threshold=1.0000000180025095e-35 1.0000000180025095e-35 1.0000000180025095e-35 1.0000000180025095e-35 1.0000000180025095e-35 1.0000000180025095e-35
decision_type=2 2 2 2 2 2
left_child=2 5 3 -1 -3 -2
right_child=1 4 -4 -5 -6 -7
leaf_value=0.0017850886206429329 0.00040969176924898944 -0.0016592838798456125 0.00013008144768634079 0.00029492353087782786 -0.0029182622211247357 -0.0021530082951931868
leaf_weight=73.225223258137703 12.392761588096617 25.994079738855362 20.623268157243729 15.191801890730856 31.832314312458038 3.2341457158327094
leaf_count=377 53 76 85 64 68 8
internal_value=0 -0.0018956 0.0012773 0.0015371 -0.00236919 -9.72372e-05
internal_weight=0 73.4533 109.04 88.417 57.8264 15.6269
internal_count=731 205 526 441 144 61
is_linear=0
shrinkage=0.00161125


Tree=45
num_leaves=7
num_cat=0
split_feature=16 12 23 8 7 14
split_gain=170.097 32.6962 20.0779 16.2174 10.9266 9.3557
threshold=1.0000000180025095e-35 1.0000000180025095e-35 1.0000000180025095e-35 1.0000000180025095e-35 1.0000000180025095e-35 1.0000000180025095e-35
decision_type=2 2 2 2 2 2
left_child=1 -1 -2 5 -4 -3
right_child=2 3 4 -5 -6 -7
leaf_value=0.0015889326911581222 -0.002421019388451285 0.0019592956367479567 0.001463464164000108 -0.00251430098407396 -0.0021458377594296319 -0.0005770054078418135
leaf_weight=93.951887607574463 56.84563672542572 5.8536331951618203 5.833330422639845 7.2613983005285254 3.2334500402212143 9.5027750283479691
leaf_count=472 140 31 29 17 8 34
internal_value=0 0.00116902 -0.00206622 -0.000546648 9.36766e-05 0.000359522
internal_weight=0 116.57 65.9124 22.6178 9.06678 15.3564
internal_count=731 554 177 82 37 65
is_linear=0
shrinkage=0.00161125


Tree=46
num_leaves=7
num_cat=0
split_feature=16 17 23 24 7 37
split_gain=169.563 48.5626 20.0164 11.0436 10.8933 8.81967
threshold=1.0000000180025095e-35 1.0000000180025095e-35 1.0000000180025095e-35 1.0000000180025095e-35 1.0000000180025095e-35 1.0000000180025095e-35
decision_type=2 2 2 2 2 2
left_child=1 3 5 -1 -4 -2
right_child=2 -3 4 -5 -6 -7
leaf_value=0.0018440441811619405 -0.0013370264548918862 -0.0014438158585595119 0.0014611753935325534 0.00044906796271691534 -0.0021426938634906394 -0.0028414848725236063
leaf_weight=81.254512503743172 16.624009817838669 15.632613271474836 5.833301514387129 19.676818460226059 3.2332087904214859 40.215521261096001
leaf_count=421 52 48 29 85 8 88
internal_value=0 0.00116719 -0.00206311 0.00157941 9.34001e-05 -0.00241739
internal_weight=0 116.564 65.906 100.931 9.06651 56.8395
internal_count=731 554 177 506 37 140
is_linear=0
shrinkage=0.00161125


Tree=47
num_leaves=7
num_cat=0
split_feature=16 17 23 7 37 3
split_gain=169.035 48.4107 19.9558 10.8601 8.79393 7.82849
threshold=1.0000000180025095e-35 1.0000000180025095e-35 1.0000000180025095e-35 1.0000000180025095e-35 1.0000000180025095e-35 0.23947908007888308
decision_type=2 2 2 2 2 2
left_child=1 5 4 -4 -2 -1
right_child=2 -3 3 -5 -6 -7
leaf_value=0.0012042562150857384 -0.0013349331235788264 -0.0014415514137739247 0.001458891661014384 -0.0021395591030514902 -0.0028373656062839914 0.0021837821530714392
leaf_weight=63.455534964799881 16.623498678207397 15.632190510630606 5.8332664072513563 3.2329604774713516 40.209248900413513 37.47067154943943
leaf_count=304 52 48 29 8 88 202
internal_value=0 0.00116537 -0.00206004 9.31242e-05 -0.00241382 0.00157696
internal_weight=0 116.558 65.899 9.06623 56.8327 100.926
internal_count=731 554 177 37 140 506
is_linear=0
shrinkage=0.00161125


Tree=48
num_leaves=7
num_cat=0
split_feature=16 17 37 24 17 3
split_gain=168.51 48.2593 16.914 11.0124 8.13845 7.95821
threshold=1.0000000180025095e-35 1.0000000180025095e-35 1.0000000180025095e-35 1.0000000180025095e-35 1.0000000180025095e-35 0.23947908007888308
decision_type=2 2 2 2 2 2
left_child=1 3 4 5 -2 -1
right_child=2 -3 -4 -5 -6 -7
leaf_value=0.0014235532456543516 -9.9092438730056848e-05 -0.0014392919567202246 -0.0026230577211187782 0.00044579256395100382 -0.0023030856963138064 0.0025403943945786897
leaf_weight=51.900356724858284 14.640725165605547 15.631752237677572 44.784181490540504 19.676211476325989 6.466823309659957 29.344749450683594
leaf_count=256 57 48 104 85 16 165
internal_value=0 0.00116355 -0.00205698 0.00157452 -0.000815893 0.00183879
internal_weight=0 116.553 65.8917 100.921 21.1075 81.2451
internal_count=731 554 177 506 73 421
is_linear=0
shrinkage=0.00161125


Tree=49
num_leaves=7
num_cat=0
split_feature=12 11 14 30 7 15
split_gain=168.199 23.3017 10.8754 8.40875 6.71823 5.29888
threshold=1.0000000180025095e-35 1.0000000180025095e-35 1.0000000180025095e-35 1.0000000180025095e-35 1.0000000180025095e-35 1.0000000180025095e-35
decision_type=2 2 2 2 2 2
left_child=2 4 -1 -3 -2 -4
right_child=1 3 5 -5 -6 -7
leaf_value=0.0015075951141547352 0.00040938019941427203 -0.0025320872301430636 0.00081700073990747775 -6.9946301074849267e-05 -0.0021364892373905652 -0.00088445032971692624
leaf_weight=89.387362122535706 12.39093843102455 53.35951155424118 12.267120689153673 4.43436475098133 3.2327421307563773 7.3599836975336066
leaf_count=445 53 127 56 17 8 25
internal_value=0 -0.00188331 0.00126864 -0.00235469 -9.38115e-05 0.000145341
internal_weight=0 73.4176 109.014 57.7939 15.6237 19.6271
internal_count=731 205 526 144 61 81
is_linear=0
shrinkage=0.00161125


Tree=50
num_leaves=7
num_cat=0
split_feature=8 15 23 24 5 4
split_gain=96.536 45.6118 24.1219 6.5441 6.51002 5.52132
threshold=1.0000000180025095e-35 1.0000000180025095e-35 1.0000000180025095e-35 1.0000000180025095e-35 1.0000000180025095e-35 1.5000000000000002
decision_type=2 2 2 2 2 2
left_child=1 3 -3 -1 -2 -4
right_child=4 2 5 -5 -6 -7
leaf_value=0.0013032922568100857 -0.0012344366919380769 -0.0019311955353105462 0 0.00025184781170815867 -0.0026769322571256692 0.0028334240927063588
leaf_weight=90.394583210349083 15.457497149705885 22.852843463420871 3.9560948312282553 20.475215464830399 25.914459601044655 3.3690797537565231
leaf_count=438 49 63 16 86 59 20
internal_value=0 0.000634746 -0.00110704 0.00111539 -0.00215981 0.00136693
internal_weight=0 141.048 30.178 110.87 41.372 7.32517
internal_count=731 623 99 524 108 36
is_linear=0
shrinkage=0.00161125


Tree=51
num_leaves=7
num_cat=0
split_feature=14 8 24 24 15 3
split_gain=102.348 33.7069 17.4673 14.5166 13.0145 12.0321
threshold=1.0000000180025095e-35 1.0000000180025095e-35 1.0000000180025095e-35 1.0000000180025095e-35 1.0000000180025095e-35 1.0745790501748924
decision_type=2 2 2 2 2 2
left_child=1 3 -2 4 -1 -6
right_child=2 -3 -4 -5 5 -7
leaf_value=0.0018105499009453793 -0.0017443199922536766 -0.0014939921759742872 0.0015412317692256865 4.4884703161771281e-05 0.0015803440011633255 -0.0021259305562685467
leaf_weight=70.379422456026077 65.400714695453644 12.665395826101301 4.1665785908699027 21.104649424552917 4.3322029858827573 4.361034020781517
leaf_count=364 189 38 21 86 22 11
internal_value=0 0.000946868 -0.00153551 0.00126358 0.0015802 -0.000212921
internal_weight=0 112.843 69.5673 100.177 79.0727 8.69324
internal_count=731 521 210 483 397 33
is_linear=0
shrinkage=0.00161125


Tree=52
num_leaves=7
num_cat=0
split_feature=11 37 17 17 14 25
split_gain=135.811 26.9221 23.6626 18.7776 10.4184 7.25755
threshold=1.0000000180025095e-35 1.0000000180025095e-35 1.0000000180025095e-35 1.0000000180025095e-35 1.0000000180025095e-35 1.0000000180025095e-35
decision_type=2 2 2 2 2 2
left_child=2 3 4 -2 -1 -3
right_child=1 5 -4 -5 -6 -7
leaf_value=0.0015929452441974523 0.00085431710664603169 -0.0025629230819622438 -0.0015115702955546498 -0.0018853991688635582 0.000103535218724444 -0.00018932156087379746
leaf_weight=84.597341686487198 14.747292682528496 44.614603519439697 7.6498653292655936 11.192262753844261 15.333948209881781 4.264820158481597
leaf_count=426 67 105 23 31 63 16
internal_value=0 -0.00166556 0.00115847 -0.000308054 0.00137119 -0.00236987
internal_weight=0 74.819 107.581 25.9396 99.9313 48.8794
internal_count=731 219 512 98 489 121
is_linear=0
shrinkage=0.00161125


Tree=53
num_leaves=7
num_cat=0
split_feature=16 37 5 3 24 13
split_gain=166.67 16.6727 16.2518 6.94479 5.85899 6.472
threshold=1.0000000180025095e-35 1.0000000180025095e-35 1.0000000180025095e-35 0.58952370967807111 1.0000000180025095e-35 1.0000000180025095e-35
decision_type=2 2 2 2 2 2
left_child=2 -2 3 4 5 -1
right_child=1 -3 -4 -5 -6 -7
leaf_value=0.0014012957963147399 -0.00081367269432425606 -0.0026086455266823411 -0.00091225566939130242 0.0020946802078291452 0.00014887059862590287 -0.00094523108718847621
leaf_weight=64.016524031758308 21.105058804154396 44.757351979613304 8.6509018540382367 25.407645344734192 15.675336658954619 2.7750800251960746
leaf_count=315 73 104 29 136 65 9
internal_value=0 -0.00204627 0.00115722 0.00133007 0.00108336 0.00129244
internal_weight=0 65.8624 116.525 107.875 82.4669 66.7916
internal_count=731 177 554 525 389 324
is_linear=0
shrinkage=0.00161125


Tree=54
num_leaves=7
num_cat=0
split_feature=16 14 24 8 3 3
split_gain=166.152 29.4534 13.3319 10.4668 9.88564 3.65287
threshold=1.0000000180025095e-35 1.0000000180025095e-35 1.0000000180025095e-35 1.0000000180025095e-35 0.58952370967807111 1.0000000180025095e-35
decision_type=2 2 2 2 2 2
left_child=1 2 -1 -2 -3 -4
right_child=3 4 5 -5 -6 -7
leaf_value=0.0019118074714371694 -0.0014109994703440187 -0.00077043436882253357 -0.00040056364004064076 -0.0027719037375219737 0.0017174241894683251 0.001022637179176604
leaf_weight=71.750575587153435 35.969768881797791 22.254000663757328 8.5408801138401049 29.885386243462563 4.8403941839933387 9.1343458890914899
leaf_count=376 111 78 32 66 25 43
internal_value=0 0.00115541 0.00160178 -0.00204323 -0.000295613 0.000302344
internal_weight=0 116.52 89.4258 65.8552 27.0944 17.6752
internal_count=731 554 451 177 103 75
is_linear=0
shrinkage=0.00161125


Tree=55
num_leaves=7
num_cat=0
split_feature=12 16 8 17 16 24
split_gain=165.822 24.7394 21.5483 23.4499 22.3809 12.4885
threshold=1.0000000180025095e-35 1.0000000180025095e-35 1.0000000180025095e-35 1.0000000180025095e-35 1.0000000180025095e-35 1.0000000180025095e-35
decision_type=2 2 2 2 2 2
left_child=1 5 3 4 -2 -1
right_child=2 -3 -4 -5 -6 -7
leaf_value=0.0018531576103384512 0.0020411513932024018 -0.00062106507645468413 -0.002784573435270294 -0.0023880143685056808 -0.001292971228215079 0.0003024150030057848
leaf_weight=76.228463158011436 9.0320569276809692 15.081237837672232 35.351889044046402 17.111516609787941 11.881711289286613 17.675348147749901
leaf_count=397 48 54 78 42 37 75
internal_value=0 0.00125967 -0.0018706 -0.000996471 0.000121718 0.00156892
internal_weight=0 108.985 73.3772 38.0253 20.9138 93.9038
internal_count=731 526 205 127 85 472
is_linear=0
shrinkage=0.00161125


Tree=56
num_leaves=7
num_cat=0
split_feature=12 16 8 16 14 29
split_gain=165.307 24.6634 21.4854 19.0874 9.12735 3.98811
threshold=1.0000000180025095e-35 1.0000000180025095e-35 1.0000000180025095e-35 1.0000000180025095e-35 1.0000000180025095e-35 1.0000000180025095e-35
decision_type=2 2 2 2 2 2
left_child=1 5 3 4 -2 -1
right_child=2 -3 -4 -5 -6 -7
leaf_value=0.0016722294453906832 0.0019372816583289269 -0.00062007869687563525 -0.002780604515974042 -0.0019338811469146722 -0.00056778155325227326 0.000385349399317785
leaf_weight=85.636976733803749 5.8521062731742832 15.081141024827955 35.34553749859333 22.670310959219933 9.5000838488340378 8.2606630176305753
leaf_count=436 31 54 78 62 34 36
internal_value=0 0.00125772 -0.00186785 -0.000994949 0.00035674 0.00156651
internal_weight=0 108.979 73.368 38.0225 15.3522 93.8976
internal_count=731 526 205 127 65 472
is_linear=0
shrinkage=0.00161125


Tree=57
num_leaves=7
num_cat=0
split_feature=12 16 11 30 16 3
split_gain=164.794 24.5874 22.9655 8.31321 8.03906 4.78591
threshold=1.0000000180025095e-35 1.0000000180025095e-35 1.0000000180025095e-35 1.0000000180025095e-35 1.0000000180025095e-35 0.23947908007888308
decision_type=2 2 2 2 2 2
left_child=1 5 4 -4 -2 -1
right_child=2 -3 3 -5 -6 -7
leaf_value=0.0012382874344327381 0.0010388295261366078 -0.00061909399070430096 -0.0025098589451454691 -6.1219488515400371e-05 -0.0012432496917434603 0.0020498871475242608
leaf_weight=57.306660875678062 7.6387550979852659 15.081041261553763 53.30708047747612 4.4327848404645911 7.9804921448230743 36.585196256637573
leaf_count=277 36 54 127 17 25 195
internal_value=0 0.00125576 -0.00186509 -0.00233337 -8.82418e-05 0.0015641
internal_weight=0 108.973 73.3591 57.7399 15.6192 93.8919
internal_count=731 526 205 144 61 472
is_linear=0
shrinkage=0.00161125


Tree=58
num_leaves=7
num_cat=0
split_feature=12 23 7 24 11 11
split_gain=164.281 25.7957 14.2305 11.9549 10.2006 9.57847
threshold=1.0000000180025095e-35 1.0000000180025095e-35 1.0000000180025095e-35 1.0000000180025095e-35 1.0000000180025095e-35 1.0000000180025095e-35
decision_type=2 2 2 2 2 2
left_child=3 4 -3 5 -2 -1
right_child=1 2 -4 -5 -6 -7
leaf_value=0.0017551339486776695 -0.00085930740913611823 0.0020177522620170849 -0.0017745485041654413 0.0001147062540110642 -0.0025779739463258873 0.00029332756005918373
leaf_weight=73.16152423620224 12.58706586062908 6.189425513148306 4.0475642085075378 20.61931112408638 50.5263641923666 15.186082839965819
leaf_count=377 43 33 11 85 118 64
internal_value=0 -0.00186233 0.000453882 0.00125382 -0.00224811 0.00151191
internal_weight=0 73.3504 10.237 108.967 63.1134 88.3476
internal_count=731 205 44 526 161 441
is_linear=0
shrinkage=0.00161125


Tree=59
num_leaves=7
num_cat=0
split_feature=16 17 23 24 7 3
split_gain=163.811 47.2352 19.7162 10.8459 10.6852 7.88618
threshold=1.0000000180025095e-35 1.0000000180025095e-35 1.0000000180025095e-35 1.0000000180025095e-35 1.0000000180025095e-35 0.23947908007888308
decision_type=2 2 2 2 2 2
left_child=1 3 -2 5 -4 -1
right_child=2 -3 4 -5 -6 -7
leaf_value=0.0014030909116170456 -0.0023816043778356901 -0.0014282242515267682 0.0014648003408895556 0.00043382593109342397 -0.002104291578601817 0.0025149104097421699
leaf_weight=51.866444125771523 56.755309447646141 15.623759806156157 5.8331853002309781 19.672757863998413 3.229216456413269 29.321697950363159
leaf_count=256 140 48 29 85 8 165
internal_value=0 0.00114729 -0.00202949 0.00155406 0.000110814 0.00181644
internal_weight=0 116.485 65.8177 100.861 9.0624 81.1881
internal_count=731 554 177 506 37 421
is_linear=0
shrinkage=0.00161125


Tree=60
num_leaves=7
num_cat=0
split_feature=12 16 11 16 33 8
split_gain=163.374 24.3951 22.7998 7.9805 7.83537 7.05787
threshold=1.0000000180025095e-35 1.0000000180025095e-35 1.0000000180025095e-35 1.0000000180025095e-35 1.0000000180025095e-35 1.0000000180025095e-35
decision_type=2 2 2 2 2 2
left_child=1 4 3 -2 -1 -4
right_child=2 -3 5 -5 -6 -7
leaf_value=0.0016736309970181312 0.0010359796759316004 -0.00061702454063793121 -0.001625385242561129 -0.001237935365332597 -0.00021753490243604375 -0.0028650097298736727
leaf_weight=88.452653422951698 7.6383015811443311 15.080550566315649 25.961672395467758 7.9791817367076874 5.4211611598730078 31.753640741109848
leaf_count=451 36 54 76 25 21 68
internal_value=0 0.00125038 -0.00185744 -8.68455e-05 0.00155757 -0.00232418
internal_weight=0 108.954 73.3328 15.6175 93.8738 57.7153
internal_count=731 526 205 61 472 144
is_linear=0
shrinkage=0.00161125


Tree=61
num_leaves=7
num_cat=0
split_feature=11 37 17 17 24 15
split_gain=132.377 26.3698 23.2878 18.6045 13.2443 10.1038
threshold=1.0000000180025095e-35 1.0000000180025095e-35 1.0000000180025095e-35 1.0000000180025095e-35 1.0000000180025095e-35 1.0000000180025095e-35
decision_type=2 2 2 2 2 2
left_child=2 3 4 -2 5 -1
right_child=1 -3 -4 -5 -6 -7
leaf_value=0.0018297016966987998 0.00085542388182806436 -0.0023431040552654258 -0.0015051956661168305 -0.0018723015425314974 0.00013852924316876331 -6.560623524082539e-05
leaf_weight=72.682195171713829 14.742725476622581 48.815952509641647 7.64743548631668 11.186773374676704 19.797641769051552 7.3988618105649939
leaf_count=378 67 121 23 31 82 29
internal_value=0 -0.00164539 0.0011438 -0.000301597 0.00135495 0.001647
internal_weight=0 74.7455 107.526 25.9295 99.8787 80.0811
internal_count=731 219 512 98 489 407
is_linear=0
shrinkage=0.00161125


Tree=62
num_leaves=7
num_cat=0
split_feature=16 12 23 11 7 33
split_gain=162.511 31.2339 19.6357 11.7634 10.6285 7.80879
threshold=1.0000000180025095e-35 1.0000000180025095e-35 1.0000000180025095e-35 1.0000000180025095e-35 1.0000000180025095e-35 1.0000000180025095e-35
decision_type=2 2 2 2 2 2
left_child=1 5 -2 -3 -4 -1
right_child=2 3 4 -5 -6 -7
leaf_value=0.0016693211906818768 -0.0023733693409396794 0.0010329624691531446 0.0014643549482403679 -0.00137809304583055 -0.0020953236726872033 -0.00021856157521101801
leaf_weight=88.440707147121429 56.733608186244965 7.6379390507936487 5.8331133872270566 14.962878346443176 3.2280730456113815 5.4209711402654639
leaf_count=451 140 36 29 46 8 21
internal_value=0 0.00114276 -0.00202185 -0.000534237 0.000114082 0.00155344
internal_weight=0 116.462 65.7948 22.6008 9.06119 93.8617
internal_count=731 554 177 82 37 472
is_linear=0
shrinkage=0.00161125


Tree=63
num_leaves=7
num_cat=0
split_feature=11 23 17 24 14 5
split_gain=131.582 30.5894 23.188 13.2037 21.0219 12.3064
threshold=1.0000000180025095e-35 1.0000000180025095e-35 1.0000000180025095e-35 1.0000000180025095e-35 1.0000000180025095e-35 1.0000000180025095e-35
decision_type=2 2 2 2 2 2
left_child=2 -2 3 4 -1 -3
right_child=1 5 -4 -5 -6 -7
leaf_value=0.0020222137649798669 -0.0020983621353438129 0.0016759556916328758 -0.0015029516741451271 0.0001365409821745781 -0.00010938422754915646 -0.0018231320008541628
leaf_weight=66.088527500629425 62.49406273663044 8.8393945544958097 7.6469011157751074 19.797000974416733 13.980489462614058 3.3950086683034888
leaf_count=352 165 45 23 82 55 9
internal_value=0 -0.00164068 0.00114038 0.0013511 0.00164273 0.000643554
internal_weight=0 74.7285 107.513 99.866 80.069 12.2344
internal_count=731 219 512 489 407 54
is_linear=0
shrinkage=0.00161125


Tree=64
num_leaves=7
num_cat=0
split_feature=37 17 30 17 4 23
split_gain=108.899 53.053 20.8657 5.71616 5.44594 5.41286
threshold=1.0000000180025095e-35 1.0000000180025095e-35 1.0000000180025095e-35 1.0000000180025095e-35 1.5000000000000002 1.0000000180025095e-35
decision_type=2 2 2 2 2 2
left_child=1 -1 3 -2 -4 -3
right_child=2 5 4 -5 -6 -7
leaf_value=0.0013276346347810865 -0.0015394440307157707 -0.0022693974820889554 -7.7675235545192228e-05 -0.0026869137578803748 0.0027662016532914581 0
leaf_weight=103.50075420737267 31.460999399423599 12.609947368502619 4.4312768876552573 24.077629134058952 2.3581749498844147 3.7877628952264777
leaf_count=505 94 32 17 54 14 15
internal_value=0 0.000897386 -0.00172546 -0.00205436 0.000860355 -0.00176722
internal_weight=0 119.898 62.3281 55.5386 6.78945 16.3977
internal_count=731 552 179 148 31 47
is_linear=0
shrinkage=0.00161125


Tree=65
num_leaves=7
num_cat=0
split_feature=16 17 37 24 12 17
split_gain=161.38 46.5048 16.2914 10.75 8.19077 7.97188
threshold=1.0000000180025095e-35 1.0000000180025095e-35 1.0000000180025095e-35 1.0000000180025095e-35 1.0000000180025095e-35 1.0000000180025095e-35
decision_type=2 2 2 2 2 2
left_child=1 3 5 -1 -3 -2
right_child=2 4 -4 -5 -6 -7
leaf_value=0.0018038019104478827 -8.7029866586029088e-05 0.00010591491331925478 -0.002571891298661397 0.00042718499064545271 -0.0022447027482621791 -0.0022689560692641395
leaf_weight=81.15167011320591 14.636406004428865 5.2817884981632206 44.676726147532463 19.670529916882515 10.336816042661667 6.4595148712396613
leaf_count=421 57 22 104 85 26 16
internal_value=0 0.00113879 -0.00201523 0.00154251 -0.00141698 -0.000796504
internal_weight=0 116.441 65.7726 100.822 15.6186 21.0959
internal_count=731 554 177 506 48 73
is_linear=0
shrinkage=0.00161125


Tree=66
num_leaves=7
num_cat=0
split_feature=12 11 24 14 30 17
split_gain=160.861 22.4753 11.8209 21.6832 8.22532 6.23609
threshold=1.0000000180025095e-35 1.0000000180025095e-35 1.0000000180025095e-35 1.0000000180025095e-35 1.0000000180025095e-35 1.0000000180025095e-35
decision_type=2 2 2 2 2 2
left_child=2 5 3 -1 -3 -2
right_child=1 4 -4 -5 -6 -7
leaf_value=0.001902397428041807 0.00047748121362907366 -0.002483339181781122 0.00010801689618682507 -4.1270639927266731e-05 -4.7549561756921709e-05 -0.0017999733629979224
leaf_weight=70.196346536278725 11.564042270183561 53.236391618847847 20.61707803606987 18.102116584777832 4.4305739551782599 4.0498254299163809
leaf_count=369 50 127 85 72 17 11
internal_value=0 -0.00184396 0.00124074 0.00149748 -0.00230767 -8.56229e-05
internal_weight=0 73.2808 108.916 88.2985 57.667 15.6139
internal_count=731 205 526 441 144 61
is_linear=0
shrinkage=0.00161125


Tree=67
num_leaves=7
num_cat=0
split_feature=16 14 23 24 7 3
split_gain=160.528 28.4795 19.4911 13.074 10.5383 9.7382
threshold=1.0000000180025095e-35 1.0000000180025095e-35 1.0000000180025095e-35 1.0000000180025095e-35 1.0000000180025095e-35 0.58952370967807111
decision_type=2 2 2 2 2 2
left_child=1 3 -2 -1 -4 -3
right_child=2 5 4 -5 -6 -7
leaf_value=0.0018822150434686161 -0.0023606540331085092 -0.00076276578971152696 0.0014622203983956292 0.00028811059383336768 -0.002082532466076677 0.0017070973069944779
leaf_weight=71.675570800900459 56.696348145604134 22.239068523049358 5.8329585045576078 17.67168228328228 3.226352259516716 4.8379537463188163
leaf_count=376 140 78 29 75 8 25
internal_value=0 0.0011358 -0.00201023 0.00157499 0.000117781 -0.000291121
internal_weight=0 116.424 65.7557 89.3473 9.05931 27.077
internal_count=731 554 177 451 37 103
is_linear=0
shrinkage=0.00161125


Tree=68
num_leaves=7
num_cat=0
split_feature=16 11 23 15 7 8
split_gain=160.032 19.9189 19.4327 12.4673 10.5064 4.40473
threshold=1.0000000180025095e-35 1.0000000180025095e-35 1.0000000180025095e-35 1.0000000180025095e-35 1.0000000180025095e-35 1.0000000180025095e-35
decision_type=2 2 2 2 2 2
left_child=1 -1 5 -3 -4 -2
right_child=2 3 4 -5 -6 -7
leaf_value=0.0014779573195216548 -0.0018538388654316506 0.00086310412849584359 0.0014599344389637904 -0.0014297594146621951 -0.002079568048954089 -0.0028902900949473523
leaf_weight=91.949377402663231 30.123897880315781 13.583186417818069 5.832926005125044 10.884385615587234 3.2259711176156998 26.563758015632629
leaf_count=459 84 62 29 33 8 56
internal_value=0 0.00113406 -0.00200728 -0.000134064 0.00011747 -0.00235722
internal_weight=0 116.417 65.7466 24.4676 9.0589 56.6877
internal_count=731 554 177 95 37 140
is_linear=0
shrinkage=0.00161125


Tree=69
num_leaves=7
num_cat=0
split_feature=12 23 16 24 15 16
split_gain=159.576 25.4153 23.7871 12.2337 12.1152 9.27488
threshold=1.0000000180025095e-35 1.0000000180025095e-35 1.0000000180025095e-35 1.0000000180025095e-35 1.0000000180025095e-35 1.0000000180025095e-35
decision_type=2 2 2 2 2 2
left_child=2 5 3 -1 -3 -2
right_child=1 4 -4 -5 -6 -7
leaf_value=0.001820818385860792 -0.0011332590010225889 0.0028451797564691475 -0.00060793604360291945 0.00028576347491466729 -0.00074152667181513635 -0.0026119584463802493
leaf_weight=76.145820423960686 17.273250237107277 3.5362793058156949 15.077409133315085 17.671208828687668 6.6946843862533569 45.748082682490349
leaf_count=397 56 21 54 75 23 105
internal_value=0 -0.00183702 0.00123581 0.00153931 0.000462312 -0.00222043
internal_weight=0 73.2523 108.894 93.817 10.231 63.0213
internal_count=731 205 526 472 44 161
is_linear=0
shrinkage=0.00161125


Tree=70
num_leaves=7
num_cat=0
split_feature=11 8 14 38 14 3
split_gain=129.063 23.6402 16.0988 7.27269 5.28486 13.0641
threshold=1.0000000180025095e-35 1.0000000180025095e-35 1.0000000180025095e-35 1.0000000180025095e-35 1.0000000180025095e-35 1.0745790501748924
decision_type=2 2 2 2 2 2
left_child=2 3 -1 4 5 -2
right_child=1 -3 -4 -5 -6 -7
leaf_value=0.0014195065160035832 0.00085891946192252441 -0.0026093394201661493 -0.00018344052514155212 0.0012956688926965365 -0.001479323675382407 -0.0023707188634927352
leaf_weight=88.400613605976105 9.6081620603799802 34.491061046719551 19.062713816761971 3.6605217158794394 22.238465785980225 4.6671269088983527
leaf_count=438 44 79 74 18 67 11
internal_value=0 -0.00162577 0.00112949 -0.000758903 -0.000986652 -0.000167958
internal_weight=0 74.6653 107.463 40.1743 36.5138 14.2753
internal_count=731 219 512 140 122 55
is_linear=0
shrinkage=0.00161125


Tree=71
num_leaves=7
num_cat=0
split_feature=16 17 24 8 17 14
split_gain=158.731 46.0193 10.6299 10.1004 8.01465 7.29541
threshold=1.0000000180025095e-35 1.0000000180025095e-35 1.0000000180025095e-35 1.0000000180025095e-35 1.0000000180025095e-35 1.0000000180025095e-35
decision_type=2 2 2 2 2 2
left_child=1 2 5 4 -2 -1
right_child=3 -3 -4 -5 -6 -7
leaf_value=0.0020155997108629487 -0.00077156936580525495 -0.0014132348464438447 0.00042193701385741548 -0.0027170529647617334 -0.0024341858293443035 0.00065011947273738982
leaf_weight=67.216482445597649 23.372571527957916 15.613858819007872 19.668564349412918 29.793079286813736 12.553583860397337 13.895360380411146
leaf_count=359 81 48 85 66 30 62
internal_value=0 0.00112944 0.00153118 -0.00199962 -0.00137801 0.0017911
internal_weight=0 116.394 100.78 65.7192 35.9262 81.1118
internal_count=731 554 506 177 111 421
is_linear=0
shrinkage=0.00161125


Tree=72
num_leaves=7
num_cat=0
split_feature=12 23 16 24 11 11
split_gain=158.299 25.3013 23.5877 12.1732 9.81227 9.29901
threshold=1.0000000180025095e-35 1.0000000180025095e-35 1.0000000180025095e-35 1.0000000180025095e-35 1.0000000180025095e-35 1.0000000180025095e-35
decision_type=2 2 2 2 2 2
left_child=2 4 3 -1 -2 -3
right_child=1 5 -4 -5 -6 -7
leaf_value=0.0018140328378111702 -0.00084868513183331787 0.0027873300090005431 -0.00060502310047265558 0.00028269242802749184 -0.0025370911360578633 -0.00046754708628376389
leaf_weight=76.125607267022133 12.579288795590399 3.0303535014390928 15.076567739248274 17.670331850647926 50.414430543780327 7.1987141966819763
leaf_count=397 43 18 54 75 118 26
internal_value=0 -0.00183012 0.00123088 0.00153317 -0.00221282 0.000464124
internal_weight=0 73.2228 108.873 93.7959 62.9937 10.2291
internal_count=731 205 526 472 161 44
is_linear=0
shrinkage=0.00161125


Tree=73
num_leaves=7
num_cat=0
split_feature=12 23 7 17 33 37
split_gain=157.81 25.2268 13.8813 9.11264 8.8869 8.49899
threshold=1.0000000180025095e-35 1.0000000180025095e-35 1.0000000180025095e-35 1.0000000180025095e-35 1.0000000180025095e-35 1.0000000180025095e-35
decision_type=2 2 2 2 2 2
left_child=3 5 -3 4 -1 -2
right_child=1 2 -4 -5 -6 -7
leaf_value=0.0014779545705639516 -0.0012248737062580425 0.0020076546633761264 -0.0017384801818152696 -0.00040891034949469166 -0.00047172646528903408 -0.0026112727230829602
leaf_weight=95.41375444829464 18.882878080010414 6.1874633580446226 4.0412650257349014 7.5493324846029273 5.901440516114234 44.10044901072979
leaf_count=476 60 33 11 28 22 101
internal_value=0 -0.00182746 0.000463351 0.00122899 0.00135766 -0.00220965
internal_weight=0 73.2121 10.2287 108.865 101.315 62.9833
internal_count=731 205 44 526 498 161
is_linear=0
shrinkage=0.00161125


Tree=74
num_leaves=7
num_cat=0
split_feature=16 17 23 12 33 15
split_gain=157.499 45.6877 19.2214 8.02337 7.11748 6.07
threshold=1.0000000180025095e-35 1.0000000180025095e-35 1.0000000180025095e-35 1.0000000180025095e-35 1.0000000180025095e-35 1.0000000180025095e-35
decision_type=2 2 2 2 2 2
left_child=1 4 -2 -3 -1 -4
right_child=2 3 5 -5 -6 -7
leaf_value=0.0016297132048691506 -0.0023407005541864383 9.7322819524322889e-05 0.0019183702395791321 -0.0022281040182587884 -0.00013814716202831912 -0.00077319246516878405
leaf_weight=95.170535579323769 56.634589612483978 5.2812003493308994 3.1801896393299085 10.329699024558067 5.5864420086145392 5.8766508251428604
leaf_count=484 140 22 17 26 22 20
internal_value=0 0.00112507 -0.00199237 -0.00140859 0.00152542 0.000120616
internal_weight=0 116.368 65.6914 15.6109 100.757 9.05684
internal_count=731 554 177 48 506 37
is_linear=0
shrinkage=0.00161125


Tree=75
num_leaves=7
num_cat=0
split_feature=12 23 7 14 33 37
split_gain=156.914 25.1124 13.8234 10.134 10.6198 8.46592
threshold=1.0000000180025095e-35 1.0000000180025095e-35 1.0000000180025095e-35 1.0000000180025095e-35 1.0000000180025095e-35 1.0000000180025095e-35
decision_type=2 2 2 2 2 2
left_child=3 5 -3 4 -1 -2
right_child=1 2 -4 -5 -6 -7
leaf_value=0.0016041058652045215 -0.0012210752280040263 0.0020041373533270707 -0.0017343186231090432 0.00013964372844088005 -0.00057270459335341506 -0.0026050039208742361
leaf_weight=83.503188148140907 18.880076706409454 6.1870282441377622 4.0405311435461044 19.613953590393066 5.733209714293479 44.082965075969696
leaf_count=424 60 33 11 81 21 101
internal_value=0 -0.00182262 0.000462975 0.00122549 0.00145648 -0.00220404
internal_weight=0 73.1906 10.2276 108.85 89.2364 62.963
internal_count=731 205 44 526 445 161
is_linear=0
shrinkage=0.00161125


Tree=76
num_leaves=7
num_cat=0
split_feature=16 17 23 7 3 14
split_gain=156.666 45.4696 19.1176 10.3784 7.73357 5.55059
threshold=1.0000000180025095e-35 1.0000000180025095e-35 1.0000000180025095e-35 1.0000000180025095e-35 0.23947908007888308 1.0000000180025095e-35
decision_type=2 2 2 2 2 2
left_child=1 4 -2 -4 5 -1
right_child=2 -3 3 -5 -6 -7
leaf_value=0.0013726855330205355 -0.0023349419958778295 -0.001405648906234848 0.0014539456066761625 -0.0020644187549954877 0.0021243915882204465 6.1173238461360526e-05
leaf_weight=52.145510390400887 56.615824222564697 15.608450204133986 5.832646504044531 3.2235993593931198 37.396075591444969 11.200823351740835
leaf_count=258 140 48 29 8 202 46
internal_value=0 0.0011221 -0.00198746 0.000119661 0.00152154 0.00115138
internal_weight=0 116.351 65.6721 9.05625 100.742 63.3463
internal_count=731 554 177 37 506 304
is_linear=0
shrinkage=0.00161125


Tree=77
num_leaves=7
num_cat=0
split_feature=37 14 30 33 19 14
split_gain=104.949 28.2277 20.5041 9.10002 8.22995 7.57094
threshold=1.0000000180025095e-35 1.0000000180025095e-35 1.0000000180025095e-35 1.0000000180025095e-35 1.0000000180025095e-35 1.0000000180025095e-35
decision_type=2 2 2 2 2 2
left_child=1 3 4 -1 5 -2
right_child=2 -3 -4 -5 -6 -7
leaf_value=0.0014324201742788761 0.0011898746001013992 -0.00056101801083352878 0.00086776808801436347 -0.00057585836877448648 -0.002270735562577376 -0.0019417535083173178
leaf_weight=87.3709377348423 3.6529020369052878 26.690251052379608 6.7847228050231925 5.732711747288703 47.904841542243958 3.8676904290914536
leaf_count=434 18 97 31 21 120 10
internal_value=0 0.000880943 -0.00169589 0.00130128 -0.00202255 -0.000345888
internal_weight=0 119.794 62.2102 93.1036 55.4254 7.52059
internal_count=731 552 179 455 148 28
is_linear=0
shrinkage=0.00161125


Tree=78
num_leaves=7
num_cat=0
split_feature=17 8 7 19 15 15
split_gain=101.446 57.2089 12.7875 6.73954 3.72981 3.58158
threshold=1.0000000180025095e-35 1.0000000180025095e-35 1.0000000180025095e-35 1.0000000180025095e-35 1.0000000180025095e-35 1.0000000180025095e-35
decision_type=2 2 2 2 2 2
left_child=1 2 5 -3 -2 -1
right_child=4 3 -4 -5 -6 -7
leaf_value=0.0013656225233919315 -0.0014658123049895778 8.6578271400084247e-05 -0.00090341806093977158 -0.0020464863266115834 -0.0026185210745964193 0.00039753911330073807
leaf_weight=96.63857701420784 15.894884660840033 4.1025992333889034 7.1698852926492682 19.0029226988554 25.825572043657303 13.35467019677162
leaf_count=476 48 17 24 50 59 57
internal_value=0 0.000655827 0.00111608 -0.0016428 -0.0022015 0.00125451
internal_weight=0 140.269 117.163 23.1055 41.7205 109.993
internal_count=731 624 557 67 107 533
is_linear=0
shrinkage=0.00161125


Tree=79
num_leaves=7
num_cat=0
split_feature=16 17 12 24 12 12
split_gain=155.624 45.1113 13.0124 10.5833 7.95662 4.26995
threshold=1.0000000180025095e-35 1.0000000180025095e-35 1.0000000180025095e-35 1.0000000180025095e-35 1.0000000180025095e-35 1.0000000180025095e-35
decision_type=2 2 2 2 2 2
left_child=1 3 -2 5 -3 -1
right_child=2 4 -4 -5 -6 -7
leaf_value=0.0019208762829452232 -0.00060268463841166883 9.9585633090115626e-05 -0.0023767548899146858 0.00040970811273087141 -0.0022160485079110209 0.00067966054545692573
leaf_weight=70.969106212258339 15.07488641142845 5.2812367081642124 50.571621552109718 19.663872167468071 10.324381619691849 10.088609859347342
leaf_count=376 54 22 123 85 26 45
internal_value=0 0.0011184 -0.00198131 0.00151631 -0.00139951 0.00177573
internal_weight=0 116.327 65.6465 100.722 15.6056 81.0577
internal_count=731 554 177 506 48 421
is_linear=0
shrinkage=0.00161125


Tree=80
num_leaves=7
num_cat=0
split_feature=16 17 23 37 3 17
split_gain=155.148 44.9708 19.02 8.1664 7.71276 5.90469
threshold=1.0000000180025095e-35 1.0000000180025095e-35 1.0000000180025095e-35 1.0000000180025095e-35 0.23947908007888308 1.0000000180025095e-35
decision_type=2 2 2 2 2 2
left_child=1 4 3 5 -1 -2
right_child=2 -3 -4 -5 -6 -7
leaf_value=0.0011443808028208219 -0.0005842214118269006 -0.0013973436113833514 0.00012329770450586694 -0.0027355939064143465 0.0021160827472074574 -0.0027954499132048331
leaf_weight=63.329066306352615 11.78718811273575 15.604268148541449 9.0545340627431852 39.984573110938072 37.383628532290459 4.8099809885025016
leaf_count=304 42 48 37 88 202 10
internal_value=0 0.00111671 -0.00197845 -0.00232523 0.00151403 -0.00128276
internal_weight=0 116.317 65.6363 56.5817 100.713 16.5972
internal_count=731 554 177 140 506 52
is_linear=0
shrinkage=0.00161125


Tree=81
num_leaves=7
num_cat=0
split_feature=12 23 15 14 33 37
split_gain=154.469 24.9065 11.9196 9.94523 10.5626 8.32368
threshold=1.0000000180025095e-35 1.0000000180025095e-35 1.0000000180025095e-35 1.0000000180025095e-35 1.0000000180025095e-35 1.0000000180025095e-35
decision_type=2 2 2 2 2 2
left_child=3 5 -3 4 -1 -2
right_child=1 2 -4 -5 -6 -7
leaf_value=0.0015922041237860091 -0.0012140620591233723 0.0028308887468716966 -0.00072694675393845389 0.00013982233672220926 -0.00057901744701476562 -0.0025875838035882819
leaf_weight=83.462854012846947 18.872849509119987 3.5344380587339383 6.6895122230052948 19.610791221261024 5.7320703864097586 44.030889615416527
leaf_count=424 60 21 23 81 21 101
internal_value=0 -0.00180934 0.000467023 0.00121596 0.00144488 -0.0021895
internal_weight=0 73.1277 10.224 108.806 89.1949 62.9037
internal_count=731 205 44 526 445 161
is_linear=0
shrinkage=0.00161125


Tree=82
num_leaves=7
num_cat=0
split_feature=16 12 23 11 33 15
split_gain=154.333 29.4957 18.9234 11.352 7.65619 5.99454
threshold=1.0000000180025095e-35 1.0000000180025095e-35 1.0000000180025095e-35 1.0000000180025095e-35 1.0000000180025095e-35 1.0000000180025095e-35
decision_type=2 2 2 2 2 2
left_child=1 4 -2 -3 -1 -4
right_child=2 3 5 -5 -6 -7
leaf_value=0.0016282406040361425 -0.0023196604678711536 0.0010229501033715716 0.0019092174680035816 -0.0013464506284415238 -0.00024179728785524797 -0.00076540432059692858
leaf_weight=88.30717071890831 56.56064210832119 7.6337798833847055 3.1799066215753538 14.941322490572929 5.4171762615442267 5.8744471669197083
leaf_count=451 140 36 17 46 21 20
internal_value=0 0.00111378 -0.00197364 -0.000516139 0.00151326 0.000122558
internal_weight=0 116.299 65.615 22.5751 93.7243 9.05435
internal_count=731 554 177 82 472 37
is_linear=0
shrinkage=0.00161125


Tree=83
num_leaves=7
num_cat=0
split_feature=16 17 37 17 3 14
split_gain=153.856 44.6928 15.7075 7.85188 7.68994 5.45584
threshold=1.0000000180025095e-35 1.0000000180025095e-35 1.0000000180025095e-35 1.0000000180025095e-35 0.23947908007888308 1.0000000180025095e-35
decision_type=2 2 2 2 2 2
left_child=1 4 3 -2 5 -1
right_child=2 -3 -4 -5 -6 -7
leaf_value=0.0013585987618483213 -6.9591452866692841e-05 -0.0013943641247652228 -0.0025187992834924491 -0.0022354755198516719 0.0021094293403544143 5.7825934766208417e-05
leaf_weight=52.116909146308899 14.6285737156868 15.601448744535444 44.526720494031906 6.4490502327680579 37.373034372925758 11.198714628815649
leaf_count=258 57 48 104 16 202 46
internal_value=0 0.00111207 -0.00197079 -0.000773481 0.00150822 0.00113912
internal_weight=0 116.29 65.6043 21.0776 100.689 63.3156
internal_count=731 554 177 73 506 304
is_linear=0
shrinkage=0.00161125


Tree=84
num_leaves=7
num_cat=0
split_feature=16 23 5 7 37 3
split_gain=153.388 18.8655 14.9146 10.2869 8.08709 6.78684
threshold=1.0000000180025095e-35 1.0000000180025095e-35 1.0000000180025095e-35 1.0000000180025095e-35 1.0000000180025095e-35 0.58952370967807111
decision_type=2 2 2 2 2 2
left_child=2 4 5 -3 -2 -1
right_child=1 3 -4 -5 -6 -7
leaf_value=0.0010323713893930148 -0.0012758318174836557 0.0014531660282209027 -0.00087254827693756328 -0.0020499624666385666 -0.0027223167739977329 0.0020320770463923984
leaf_weight=82.300479635596275 16.592960312962532 5.8323441594839078 8.631112262606619 3.2211975753307343 39.94680792093277 25.34916216135025
leaf_count=389 52 29 29 8 88 136
internal_value=0 -0.00196799 0.00111038 0.000124983 -0.0023136 0.00127622
internal_weight=0 65.5933 116.281 9.05354 56.5398 107.65
internal_count=731 177 554 37 140 525
is_linear=0
shrinkage=0.00161125


Tree=85
num_leaves=7
num_cat=0
split_feature=17 5 7 23 24 14
split_gain=99.781 40.6381 19.1003 9.63442 6.78268 14.6652
threshold=1.0000000180025095e-35 1.0000000180025095e-35 1.0000000180025095e-35 1.0000000180025095e-35 1.0000000180025095e-35 1.0000000180025095e-35
decision_type=2 2 2 2 2 2
left_child=1 2 4 -2 5 -1
right_child=3 -3 -4 -5 -6 -7
leaf_value=0.001667940422521493 -0.0025464125019845078 -0.0015579270590558687 -0.0014214726266778002 -0.00039929720676109393 0.00032167219934766669 0
leaf_weight=74.25896529853344 34.306969657540321 18.417944401502609 7.6178051233291617 7.369273602962493 22.286262586712837 17.597707659006119
leaf_count=381 80 54 23 27 95 71
internal_value=0 0.000650478 0.000991253 -0.00218467 0.0011595 0.00135506
internal_weight=0 140.179 121.761 41.6762 114.143 91.8567
internal_count=731 624 570 107 547 452
is_linear=0
shrinkage=0.00161125


Tree=86
num_leaves=7
num_cat=0
split_feature=16 17 23 12 3 15
split_gain=152.665 44.3945 18.7921 7.87446 7.65021 5.95315
threshold=1.0000000180025095e-35 1.0000000180025095e-35 1.0000000180025095e-35 1.0000000180025095e-35 0.23947908007888308 1.0000000180025095e-35
decision_type=2 2 2 2 2 2
left_child=1 4 -2 -3 -1 -4
right_child=2 3 5 -5 -6 -7
leaf_value=0.00113445822074144 -0.0023087455332865387 0.00010026494610642319 0.0019055266240230455 -0.0022031502750760028 0.0021024302310246067 -0.00075961802666497903
leaf_weight=63.303258553147316 56.521066963672638 5.281235218048093 3.1797354817390424 10.318160161375999 37.361983343958855 5.8730529993772507
leaf_count=304 140 22 17 26 202 20
internal_value=0 0.00110776 -0.00196372 -0.00139038 0.00150267 0.00012511
internal_weight=0 116.265 65.5739 15.5994 100.665 9.05279
internal_count=731 554 177 48 506 37
is_linear=0
shrinkage=0.00161125


Tree=87
num_leaves=7
num_cat=0
split_feature=11 23 17 7 24 14
split_gain=123.354 29.4063 22.0188 16.541 13.0062 20.0781
threshold=1.0000000180025095e-35 1.0000000180025095e-35 1.0000000180025095e-35 1.0000000180025095e-35 1.0000000180025095e-35 1.0000000180025095e-35
decision_type=2 2 2 2 2 2
left_child=2 -2 4 -3 5 -1
right_child=1 3 -4 -5 -6 -7
leaf_value=0.0019714297501362216 -0.0020418782819987152 0.0021869810903874572 -0.0014720379137049169 -0.0015573277206430444 0.00010513376872547292 -0.00011202810880953365
leaf_weight=65.936107605695724 62.269712001085281 7.3658571839332563 7.6375244259834281 4.8543528318405151 19.78488752245903 13.969103559851645
leaf_count=352 165 40 23 14 82 55
internal_value=0 -0.00159175 0.00110445 0.00064809 0.00131013 0.00159987
internal_weight=0 74.4899 107.328 12.2202 99.6901 79.9052
internal_count=731 219 512 54 489 407
is_linear=0
shrinkage=0.00161125


Tree=88
num_leaves=7
num_cat=0
split_feature=11 23 7 24 7 8
split_gain=122.971 29.3172 16.4904 10.0509 10.5092 7.54722
threshold=1.0000000180025095e-35 1.0000000180025095e-35 1.0000000180025095e-35 1.0000000180025095e-35 1.0000000180025095e-35 1.0000000180025095e-35
decision_type=2 2 2 2 2 2
left_child=3 5 -3 4 -1 -2
right_child=1 2 -4 -5 -6 -7
leaf_value=0.0014839682486300714 -0.0014354241159247555 0.0021836218510685981 -0.0015550134432872349 5.3134218116569765e-05 -0.00081523695743556648 -0.0026428076398205755
leaf_weight=81.832352861762047 31.925945922732353 7.3655454218387586 4.8539796471595764 20.436803475022316 5.0495093762874594 30.333981871604919
leaf_count=411 97 40 14 84 17 68
internal_value=0 -0.00158942 0.000647013 0.00110275 0.00134191 -0.00203892
internal_weight=0 74.4795 12.2195 107.319 86.8819 62.2599
internal_count=731 219 54 512 428 165
is_linear=0
shrinkage=0.00161125


Tree=89
num_leaves=7
num_cat=0
split_feature=12 23 7 17 37 17
split_gain=151.427 24.5653 13.5341 8.7422 8.16521 14.0528
threshold=1.0000000180025095e-35 1.0000000180025095e-35 1.0000000180025095e-35 1.0000000180025095e-35 1.0000000180025095e-35 1.0000000180025095e-35
decision_type=2 2 2 2 2 2
left_child=3 4 -3 -1 5 -2
right_child=1 2 -4 -5 -6 -7
leaf_value=0.0013301994927721631 0 0.0019929100635448127 -0.0017070502423523056 -0.00039908543511566543 -0.0025656587909584057 -0.0027453341967179409
leaf_weight=101.19289098680019 10.521931290626526 6.1846005320548993 4.0349025875329971 7.5475516170263282 43.958042040467262 8.3397673815488815
leaf_count=498 42 33 11 28 101 18
internal_value=0 -0.00179278 0.000467962 0.00120401 -0.00217076 -0.00120383
internal_weight=0 73.0392 10.2195 108.74 62.8197 18.8617
internal_count=731 205 44 526 161 60
is_linear=0
shrinkage=0.00161125


Tree=90
num_leaves=7
num_cat=0
split_feature=16 12 23 8 24 37
split_gain=151.286 28.896 18.6132 15.3023 12.0725 7.97904
threshold=1.0000000180025095e-35 1.0000000180025095e-35 1.0000000180025095e-35 1.0000000180025095e-35 1.0000000180025095e-35 1.0000000180025095e-35
decision_type=2 2 2 2 2 2
left_child=1 4 5 -3 -1 -2
right_child=2 3 -4 -5 -6 -7
leaf_value=0.0017782443615651322 -0.0012677470835215615 0.00036873112522148191 0.0001230728526941823 -0.0024273168905812083 0.00025360128161660699 -0.0027056206769613452
leaf_weight=76.002815529704094 16.586850821971893 15.329993203282358 9.0512633025646192 7.2329193949699393 17.660212323069572 39.894749015569687
leaf_count=397 52 65 37 17 75 88
internal_value=0 0.0011028 -0.00195556 -0.000510662 0.00149836 -0.00229914
internal_weight=0 116.226 65.5329 22.5629 93.663 56.4816
internal_count=731 554 177 82 472 140
is_linear=0
shrinkage=0.00161125


Tree=91
num_leaves=7
num_cat=0
split_feature=11 37 17 17 4 3
split_gain=121.953 24.7718 21.8506 17.8786 13.1287 9.59485
threshold=1.0000000180025095e-35 1.0000000180025095e-35 1.0000000180025095e-35 1.0000000180025095e-35 3.5000000000000004 0.23947908007888308
decision_type=2 2 2 2 2 2
left_child=2 3 5 4 -2 -1
right_child=1 -3 -4 -5 -6 -7
leaf_value=0.00090525335769814353 0.002044907179604052 -0.0022621354243363796 -0.0014685653267376864 -0.001822562038792353 -0.0010141192525655351 0.0019830315940439153
leaf_weight=63.678198277950287 9.1888643056154233 48.556610211730003 7.6359517127275458 11.161040678620338 5.5364657193422326 35.97906468808651
leaf_count=297 49 121 23 31 18 192
internal_value=0 -0.00158331 0.0010982 -0.000279947 0.000854119 0.00130316
internal_weight=0 74.443 107.293 25.8864 14.7253 99.6573
internal_count=731 219 512 98 67 489
is_linear=0
shrinkage=0.00161125


Tree=92
num_leaves=7
num_cat=0
split_feature=16 12 23 8 24 7
split_gain=150.53 28.7249 18.5412 15.2333 12.0444 10.1546
threshold=1.0000000180025095e-35 1.0000000180025095e-35 1.0000000180025095e-35 1.0000000180025095e-35 1.0000000180025095e-35 1.0000000180025095e-35
decision_type=2 2 2 2 2 2
left_child=1 4 -2 -3 -1 -4
right_child=2 3 5 -5 -6 -7
leaf_value=0.0017740968633311392 -0.0022940906651065366 0.00036862781629916244 0.0014433251379352477 -0.0024214125489232245 0.00025119909585380012 -0.0020379536384346982
leaf_weight=75.987162366509438 56.460194677114487 15.329079791903498 5.8317736536264402 7.2305681407451621 17.659212782979012 3.2189319282770157
leaf_count=397 140 65 29 17 75 8
internal_value=0 0.00110008 -0.00195106 -0.000508649 0.0014945 0.000123439
internal_weight=0 116.206 65.5109 22.5596 93.6464 9.05071
internal_count=731 554 177 82 472 37
is_linear=0
shrinkage=0.00161125


Tree=93
num_leaves=7
num_cat=0
split_feature=16 14 23 24 37 24
split_gain=150.07 26.6924 18.4869 12.823 7.93447 5.84908
threshold=1.0000000180025095e-35 1.0000000180025095e-35 1.0000000180025095e-35 1.0000000180025095e-35 1.0000000180025095e-35 1.0000000180025095e-35
decision_type=2 2 2 2 2 2
left_child=1 3 4 -1 -2 -3
right_child=2 5 -4 -5 -6 -7
leaf_value=0.0018288936720552912 -0.0012622131860796466 -0.00056275701676886559 0.00012312102033049812 0.00025025670130827645 -0.002696451618587707 0.0017942738322177063
leaf_weight=71.496042519807816 16.583452522754669 24.20075856149197 9.0501460134983045 17.65848645567894 39.865295231342316 2.8400480002164832
leaf_count=376 52 88 37 75 88 15
internal_value=0 0.00109841 -0.00194829 0.00152423 -0.00229087 -0.000283185
internal_weight=0 116.195 65.4989 89.1545 56.4487 27.0408
internal_count=731 554 177 451 140 103
is_linear=0
shrinkage=0.00161125


Tree=94
num_leaves=7
num_cat=0
split_feature=16 12 37 30 11 15
split_gain=149.613 28.5966 15.3185 11.8116 7.16021 4.45884
threshold=1.0000000180025095e-35 1.0000000180025095e-35 1.0000000180025095e-35 1.0000000180025095e-35 1.0000000180025095e-35 1.0000000180025095e-35
decision_type=2 2 2 2 2 2
left_child=1 -1 5 4 -3 -2
right_child=2 3 -4 -5 -6 -7
leaf_value=0.0014903593774108098 -9.9695314776944148e-05 0.00028440584803632345 -0.0024877607608444997 0.0016854250795811923 -0.0018146375654887418 -0.0016658410117515573
leaf_weight=93.627999499440193 12.650060936808586 5.6130229532718703 44.420732289552689 4.6646919995546332 12.280272170901299 8.4156228601932526
leaf_count=472 49 24 104 24 34 24
internal_value=0 0.00109675 -0.00194553 -0.000508384 -0.00112475 -0.000762622
internal_weight=0 116.186 65.4864 22.558 17.8933 21.0657
internal_count=731 554 177 82 58 73
is_linear=0
shrinkage=0.00161125


Tree=95
num_leaves=7
num_cat=0
split_feature=16 23 15 30 33 15
split_gain=149.159 18.4332 16.1037 11.0649 6.94831 5.87267
threshold=1.0000000180025095e-35 1.0000000180025095e-35 1.0000000180025095e-35 1.0000000180025095e-35 1.0000000180025095e-35 1.0000000180025095e-35
decision_type=2 2 2 2 2 2
left_child=2 -2 4 -4 -1 -3
right_child=1 5 3 -5 -6 -7
leaf_value=0.001446718723427453 -0.0022850278028821659 0.0018941892477062155 -0.0011671398905508373 0.0016561600113037965 -0.00035769371916898079 -0.00075293812656172028
leaf_weight=93.914703905582428 56.424705877900124 3.1792511940002424 12.183897212147714 4.8313047587871543 5.2456658631563178 5.870337650179863
leaf_count=470 140 17 39 25 20 20
internal_value=0 -0.0019428 0.00109509 -0.000321151 0.00134454 0.000125542
internal_weight=0 65.4743 116.176 17.0152 99.1604 9.04959
internal_count=731 177 554 64 490 37
is_linear=0
shrinkage=0.00161125


Tree=96
num_leaves=7
num_cat=0
split_feature=16 14 37 24 15 11
split_gain=148.7 26.5317 15.2715 12.7897 9.02761 5.33357
threshold=1.0000000180025095e-35 1.0000000180025095e-35 1.0000000180025095e-35 1.0000000180025095e-35 1.0000000180025095e-35 1.0000000180025095e-35
decision_type=2 2 2 2 2 2
left_child=1 3 -2 5 -3 -1
right_child=2 4 -4 -5 -6 -7
leaf_value=0.0019869588028480338 -0.00075893014398940156 0.00044957635021207433 -0.0024816136879175161 0.00024576823740711013 -0.0014231137645398207 0.00050230595670976727
leaf_weight=63.055403038859367 21.062954246997833 16.16979406774044 44.399237006902695 17.656636148691177 10.868164241313936 8.4168547093868238
leaf_count=339 73 70 104 75 33 37
internal_value=0 0.0010934 -0.00194004 0.00151804 -0.000284028 0.00182236
internal_weight=0 116.167 65.4622 89.1289 27.038 71.4723
internal_count=731 554 177 451 103 376
is_linear=0
shrinkage=0.00161125


Tree=97
num_leaves=7
num_cat=0
split_feature=16 23 11 8 24 37
split_gain=148.249 18.3766 18.2499 10.4026 10.3578 7.86868
threshold=1.0000000180025095e-35 1.0000000180025095e-35 1.0000000180025095e-35 1.0000000180025095e-35 1.0000000180025095e-35 1.0000000180025095e-35
decision_type=2 2 2 2 2 2
left_child=2 5 4 -4 -1 -2
right_child=1 -3 3 -5 -6 -7
leaf_value=0.0016886839009934086 -0.0012545300635736232 0.00012785156441018082 0.00051393433258506318 -0.0017891515071292142 0.00027342241411636788 -0.0026833843347209827
leaf_weight=73.904316008090973 16.579206272959709 9.0487343966960889 17.489686667919162 6.9367797225713721 17.825280696153641 39.822127103805542
leaf_count=383 52 37 76 19 76 88
internal_value=0 -0.0019373 0.00109176 -0.000121922 0.00142142 -0.00227913
internal_weight=0 65.4501 116.156 24.4265 91.7296 56.4013
internal_count=731 177 554 95 459 140
is_linear=0
shrinkage=0.00161125


Tree=98
num_leaves=7
num_cat=0
split_feature=12 23 8 24 8 15
split_gain=147.922 24.2098 12.0107 11.52 8.80255 8.40454
threshold=1.0000000180025095e-35 1.0000000180025095e-35 1.0000000180025095e-35 1.0000000180025095e-35 1.0000000180025095e-35 1.0000000180025095e-35
decision_type=2 2 2 2 2 2
left_child=3 4 -3 5 -2 -1
right_child=1 2 -4 -5 -6 -7
leaf_value=0.0016324024751606773 -0.0014987285364897076 0.0019553850540066659 -0.0015055973931784488 7.2330843988054609e-05 -0.0027898614764037765 6.6172686002445255e-05
leaf_weight=77.036666452884674 31.856617823243141 6.0149776190519315 4.1996091902256012 20.601002484560013 30.855469286441803 11.018715694546698
leaf_count=396 95 32 12 85 66 45
internal_value=0 -0.00177358 0.000470787 0.00119016 -0.00214937 0.00144399
internal_weight=0 72.9267 10.2146 108.656 62.7121 88.0554
internal_count=731 205 44 526 161 441
is_linear=0
shrinkage=0.00161125


Tree=99
num_leaves=7
num_cat=0
split_feature=16 17 8 17 33 7
split_gain=147.484 43.3895 9.57956 7.73756 6.99208 4.4637
threshold=1.0000000180025095e-35 1.0000000180025095e-35 1.0000000180025095e-35 1.0000000180025095e-35 1.0000000180025095e-35 1.0000000180025095e-35
decision_type=2 2 2 2 2 2
left_child=1 4 3 5 -1 -2
right_child=2 -3 -4 -5 -6 -7
leaf_value=0.0015833870604773331 -0.00032265815853446911 -0.0013814625461147367 -0.0026345200630062929 -0.0023664151542921149 -0.00017026552706169031 -0.002110559894977008
leaf_weight=94.968070656061172 18.507771670818332 15.586822152137755 29.599102690815926 12.497334659099577 5.580243542790412 4.8212037533521643
leaf_count=484 69 48 66 30 22 12
internal_value=0 0.00108898 -0.00193272 -0.00132647 0.00147973 -0.000730533
internal_weight=0 116.135 65.4254 35.8263 100.548 23.329
internal_count=731 554 177 111 506 81
is_linear=0
shrinkage=0.00161125


end of trees

feature_importances:
Levothyroxine_Final=77
CCB_Final=62
Heart_Disease_Final=60
Hypothyroid_Final=59
ACE_Inhibitors_Final=51
Beta_Blockers_Final=49
Glyburide_Final=38
Metformin_Final=38
DM_Drugs=36
Diuretics_Final=33
PPI_Final=30
Age=21
Atherosclerosis_Final=12
Abnormal_Glucose_Final=10
Glipizide_Final=7
Statins_Final=6
Region=4
Anemia_Final=4
ARB_Final=1
Eye_Disorder_Final=1
AnyLab=1

parameters:
[boosting: gbdt]
[objective: binary]
[metric: auc]
[tree_learner: serial]
[device_type: cpu]
[data: ]
[valid: ]
[num_iterations: 100]
[learning_rate: 0.00161125]
[num_leaves: 7]
[num_threads: 6]
[deterministic: 0]
[force_col_wise: 0]
[force_row_wise: 0]
[histogram_pool_size: -1]
[max_depth: 5]
[min_data_in_leaf: 11]
[min_sum_hessian_in_leaf: 0.001]
[bagging_fraction: 0.0256436]
[pos_bagging_fraction: 1]
[neg_bagging_fraction: 1]
[bagging_freq: 0]
[bagging_seed: 3]
[feature_fraction: 0.516533]
[feature_fraction_bynode: 1]
[feature_fraction_seed: 2]
[extra_trees: 0]
[extra_seed: 6]
[early_stopping_round: 0]
[first_metric_only: 0]
[max_delta_step: 0]
[lambda_l1: 0.388805]
[lambda_l2: 0.157982]
[linear_lambda: 0]
[min_gain_to_split: 0]
[drop_rate: 0.1]
[max_drop: 50]
[skip_drop: 0.5]
[xgboost_dart_mode: 0]
[uniform_drop: 0]
[drop_seed: 4]
[top_rate: 0.2]
[other_rate: 0.1]
[min_data_per_group: 100]
[max_cat_threshold: 32]
[cat_l2: 10]
[cat_smooth: 10]
[max_cat_to_onehot: 4]
[top_k: 20]
[monotone_constraints: ]
[monotone_constraints_method: basic]
[monotone_penalty: 0]
[feature_contri: ]
[forcedsplits_filename: ]
[refit_decay_rate: 0.9]
[cegb_tradeoff: 1]
[cegb_penalty_split: 0]
[cegb_penalty_feature_lazy: ]
[cegb_penalty_feature_coupled: ]
[path_smooth: 0]
[interaction_constraints: ]
[verbosity: -1]
[saved_feature_importance_type: 0]
[linear_tree: 0]
[max_bin: 7]
[max_bin_by_feature: ]
[min_data_in_bin: 3]
[bin_construct_sample_cnt: 200000]
[data_random_seed: 1]
[is_enable_sparse: 1]
[enable_bundle: 1]
[use_missing: 1]
[zero_as_missing: 0]
[feature_pre_filter: 1]
[pre_partition: 0]
[two_round: 0]
[header: 0]
[label_column: ]
[weight_column: ]
[group_column: ]
[ignore_column: ]
[categorical_feature: ]
[forcedbins_filename: ]
[precise_float_parser: 0]
[parser_config_file: ]
[objective_seed: 5]
[num_class: 1]
[is_unbalance: 0]
[scale_pos_weight: 1]
[sigmoid: 1]
[boost_from_average: 1]
[reg_sqrt: 0]
[alpha: 0.9]
[fair_c: 1]
[poisson_max_delta_step: 0.7]
[tweedie_variance_power: 1.5]
[lambdarank_truncation_level: 30]
[lambdarank_norm: 1]
[label_gain: ]
[lambdarank_position_bias_regularization: 0]
[eval_at: ]
[multi_error_top_k: 1]
[auc_mu_weights: ]
[num_machines: 1]
[local_listen_port: 12400]
[time_out: 120]
[machine_list_filename: ]
[machines: ]
[gpu_platform_id: -1]
[gpu_device_id: -1]
[gpu_use_dp: 0]
[num_gpu: 1]

end of parameters

pandas_categorical:[]
