tree
version=v4
num_class=1
num_tree_per_iteration=1
label_index=0
max_feature_idx=38
objective=binary sigmoid:1
feature_names=GenderCategory RaceCategory EthnicityCategory Age Region Glipizide_Final Glimepiride_Final Glyburide_Final Metformin_Final Pioglitazone_Final Rosiglitazone_Final Beta_Blockers_Final ACE_Inhibitors_Final ARB_Final Diuretics_Final PPI_Final Levothyroxine_Final CCB_Final Vasodilators_Final Statins_Final Anti_Platelets_Final Anti_Coagulants_Final Steroids_Final Heart_Disease_Final Hypothyroid_Final Anemia_Final Kidney_Disease_Final GERD_Final Neuropathy_Final Eye_Disorder_Final Atherosclerosis_Final Alzheimer_Final FootUlcer_Final Abnormal_Glucose_Final DMScreen_Final A1C_Final GlucoseTest_Final DM_Drugs AnyLab
feature_infos=[0:1] [0:2] [0:1] [-3.7416999056905249:2.1680666300724725] [0:4] [0:1] [0:1] [0:1] [0:1] [0:1] [0:1] [0:1] [0:1] [0:1] [0:1] [0:1] [0:1] [0:1] [0:1] [0:1] [0:1] [0:1] [0:1] [0:1] [0:1] [0:1] [0:1] [0:1] [0:1] [0:1] [0:1] [0:1] [0:1] [0:1] [0:1] [0:1] [0:1] [0:1] [0:1]
tree_sizes=874 856 854 859 871 870 869 853 870 871 864 871 878 881 852 882 850 868 847 848 875 870 844 863 845 873 873 874 878 880 870 841 860 884 865 837 848 848 881 838 875 847 854 854 883 855 827 858 875 858 860 861 881 795 833 823 850 849 858 859 821 868 849 883 867 867 844 867 852 813 842 880 862 861 861 824 870 849 894 829 665 840 826 855 864 791 867 851 873 851 860 867 835 864 889 874 847 798 832 839

Tree=0
num_leaves=7
num_cat=0
split_feature=16 17 7 24 3 23
split_gain=205.944 50.4143 16.2783 16.2319 12.1525 11.9914
threshold=1.0000000180025095e-35 1.0000000180025095e-35 1.0000000180025095e-35 1.0000000180025095e-35 0.62601158813104896 1.0000000180025095e-35
decision_type=2 2 2 2 2 2
left_child=1 3 5 4 -1 -2
right_child=2 -3 -4 -5 -6 -7
leaf_value=0.75973333053158965 -1.0079972350528967 -0.82301911337170652 -1.6002497833085003 0.18145150864660922 1.4751398132789368 0.095947887736056461
leaf_weight=78.794684439897537 34.338162213563919 16.198041439056396 33.448481783270836 27.847590073943138 24.252577424049377 8.8704674094915372
leaf_count=345 120 58 107 114 115 36
internal_value=-4.24891e-08 0.596862 -1.1434 0.775172 0.933099 -0.778247
internal_weight=0 147.093 76.6571 130.895 103.047 43.2086
internal_count=895 632 263 574 460 156
is_linear=0
shrinkage=1


Tree=1
num_leaves=7
num_cat=0
split_feature=12 24 3 4 24 0
split_gain=76.4251 26.0407 12.0769 9.53983 9.14938 12.024
threshold=1.0000000180025095e-35 1.0000000180025095e-35 -0.54470181452037869 1.5000000000000002 1.0000000180025095e-35 1.0000000180025095e-35
decision_type=2 2 2 2 2 2
left_child=4 2 3 -2 -1 -6
right_child=1 -3 -4 -5 5 -7
leaf_value=0.55341577014615229 1.3721304187258638 1.2343172951739103 -1.0811484639883859 -0.50223018870799885 -0.43236589202468706 0.68743317065288723
leaf_weight=83.522619917988777 2.3349867090582821 4.253392055630683 50.564253568649292 8.6296773105859756 18.357641607522964 11.279214233160021
leaf_count=465 13 21 231 42 72 51
internal_value=0 -0.758659 -0.903875 -0.0650134 0.407789 0
internal_weight=0 65.7823 61.5289 10.9647 113.159 29.6369
internal_count=895 307 286 55 588 123
is_linear=0
shrinkage=0.862096


Tree=2
num_leaves=7
num_cat=0
split_feature=22 6 12 13 27 5
split_gain=9.22223 6.70943 8.52703 6.19603 6.02127 2.70319
threshold=1.0000000180025095e-35 1.0000000180025095e-35 1.0000000180025095e-35 1.0000000180025095e-35 1.0000000180025095e-35 1.0000000180025095e-35
decision_type=2 2 2 2 2 2
left_child=1 2 3 -1 -4 -2
right_child=5 -3 4 -5 -6 -7
leaf_value=-0.0084000901833374657 1.0467380427207065 1.0954143058596915 -0.51793311574169387 1.4083457384801217 0.98723691431580596 0
leaf_weight=86.177906900644302 6.9543694257736188 3.1652321852743617 39.712452009320259 2.0873850658535948 1.7651933282613743 2.3864743299782276
leaf_count=526 43 23 265 13 11 14
internal_value=0 -0.0902468 -0.12265 0.027291 -0.443953 0.783761
internal_weight=0 132.908 129.743 88.2653 41.4776 9.34084
internal_count=895 838 815 539 276 57
is_linear=0
shrinkage=0.862096


Tree=3
num_leaves=7
num_cat=0
split_feature=1 3 30 3 29 3
split_gain=9.59794 5.61373 10.2634 9.3616 5.45524 9.85254
threshold=1.5000000000000002 1.0000000180025095e-35 1.0000000180025095e-35 -0.30502435099608466 1.0000000180025095e-35 0.25483232216142016
decision_type=2 2 2 2 2 2
left_child=-1 2 3 -2 -3 -6
right_child=1 4 -4 -5 5 -7
leaf_value=0.67654596974560188 -0.14587192951347702 0.19703002471642672 0.47395312761995823 -0.93479314745317987 -2.1227658415908857 0.30410223429655314
leaf_weight=13.685006406158207 32.23653032258153 51.68041168898344 11.068510856479405 17.509219966828823 1.919101908802985 2.527887025848031
leaf_count=92 225 381 68 102 9 18
internal_value=0 -0.0799082 -0.261702 -0.430428 0.114354 -0.767492
internal_weight=0 116.942 60.8143 49.7458 56.1274 4.44699
internal_count=895 803 395 327 408 27
is_linear=0
shrinkage=0.862096


Tree=4
num_leaves=7
num_cat=0
split_feature=17 4 16 25 4 25
split_gain=4.8921 5.09907 3.91492 3.70953 3.41655 3.00561
threshold=1.0000000180025095e-35 1.0000000180025095e-35 1.0000000180025095e-35 1.0000000180025095e-35 2.5000000000000004 1.0000000180025095e-35
decision_type=2 2 2 2 2 2
left_child=1 -1 3 4 -2 -3
right_child=2 5 -4 -5 -6 -7
leaf_value=0.44445882709073425 -0.49018416121929675 0.085626356291463104 -0.75379558835656002 1.3527351803042884 0.78859070323006852 -0.28063345071195034
leaf_weight=22.767715444788337 6.5311467647552472 60.872789783403277 9.9237357974052429 1.0732125416398055 1.6900984048843382 22.559351682662964
leaf_count=151 40 450 104 6 12 132
internal_value=0 0.0851618 -0.384443 0.00207193 -0.190872 -0.0119493
internal_weight=0 106.2 19.2182 9.29446 8.22125 83.4321
internal_count=895 733 162 58 52 582
is_linear=0
shrinkage=0.862096


Tree=5
num_leaves=7
num_cat=0
split_feature=28 21 3 25 27 7
split_gain=2.43599 3.24007 1.75151 4.40722 3.21281 1.56677
threshold=1.0000000180025095e-35 1.0000000180025095e-35 0.62601158813104896 1.0000000180025095e-35 1.0000000180025095e-35 1.0000000180025095e-35
decision_type=2 2 2 2 2 2
left_child=1 2 4 -4 -1 -2
right_child=5 -3 3 -5 -6 -7
leaf_value=-0.16096713267850726 1.0789997852413622 0.86489983320462716 0.41744618049076693 -0.4021746567946744 0.35493554078938289 -0.1426359515376861
leaf_weight=79.837227762676775 2.2237031608819957 2.6958896256983271 15.663433874025943 6.6102075241506091 9.6849304027855379 0.72601844370365132
leaf_count=579 17 24 163 50 59 3
internal_value=0 -0.0224613 -0.0473679 0.164795 -0.102379 0.738414
internal_weight=0 114.492 111.796 22.2736 89.5222 2.94972
internal_count=895 875 851 213 638 20
is_linear=0
shrinkage=0.862096


Tree=6
num_leaves=7
num_cat=0
split_feature=36 4 8 11 20 30
split_gain=3.00423 3.14899 2.53398 4.46688 3.41132 2.07115
threshold=1.0000000180025095e-35 1.5000000000000002 1.0000000180025095e-35 1.0000000180025095e-35 1.0000000180025095e-35 1.0000000180025095e-35
decision_type=2 2 2 2 2 2
left_child=2 5 -1 -4 -5 -2
right_child=1 -3 3 4 -6 -7
leaf_value=0.025793927124382148 0.47964840516251922 1.0259622679050597 0.38227227365094374 -0.89705916267021424 0.62189248876227354 -1.1565239758834684
leaf_weight=98.221957712434232 0.85110168159007915 3.9125800579786301 3.5954763311892721 8.0437072729691845 0.9399355463683613 0.80419108644127846
leaf_count=702 7 29 39 101 10 7
internal_value=0 0.614614 -0.0196086 -0.380598 -0.706506 -0.276492
internal_weight=0 5.56787 110.801 12.5791 8.98364 1.65529
internal_count=895 43 852 150 111 14
is_linear=0
shrinkage=0.862096


Tree=7
num_leaves=7
num_cat=0
split_feature=33 19 24 35 30 0
split_gain=2.19834 3.14406 2.58341 2.56335 3.66436 3.87966
threshold=1.0000000180025095e-35 1.0000000180025095e-35 1.0000000180025095e-35 1.0000000180025095e-35 1.0000000180025095e-35 1.0000000180025095e-35
decision_type=2 2 2 2 2 2
left_child=3 2 -2 -1 -5 -6
right_child=1 -3 -4 4 5 -7
leaf_value=-0.0064284528121773188 0 0.77957792630632383 -1.2384416225372492 1.0115815793702496 0.68449484089556667 -0.95107417416303941
leaf_weight=97.958746560849249 1.7752619124948967 0.83453492168337096 3.0747946854680777 4.3171424642205221 1.8724361732602119 1.8574167024344206
leaf_count=801 13 6 13 32 14 16
internal_value=0 -0.507594 -0.791185 0.0308443 0.490805 -0.0964657
internal_weight=0 5.68459 4.85006 106.006 8.047 3.72985
internal_count=895 32 26 863 62 30
is_linear=0
shrinkage=0.862096


Tree=8
num_leaves=7
num_cat=0
split_feature=3 19 23 25 23 0
split_gain=1.45063 4.92436 5.66622 3.03272 2.95097 2.69345
threshold=-0.54470181452037869 1.0000000180025095e-35 1.0000000180025095e-35 1.0000000180025095e-35 1.0000000180025095e-35 1.0000000180025095e-35
decision_type=2 2 2 2 2 2
left_child=1 2 -1 -4 -3 -2
right_child=5 4 3 -5 -6 -7
leaf_value=0.9315068980198814 -0.19195556418177434 -0.55910530498196798 -0.60519766101759009 0.97191407133810748 0.71562497628190092 0.10554600166229072
leaf_weight=8.7509733550250548 43.872698241844773 6.5852904617786399 3.5669216606765977 0.87824699282646168 1.3404189255088566 45.507163811475039
leaf_count=67 329 56 23 7 10 403
internal_value=0 0.210817 0.534139 -0.220412 -0.306608 -0.0387231
internal_weight=0 21.1219 13.1961 4.44517 7.92571 89.3799
internal_count=895 163 97 30 66 732
is_linear=0
shrinkage=0.862096


Tree=9
num_leaves=7
num_cat=0
split_feature=27 30 16 34 36 23
split_gain=1.51617 3.90035 2.01912 1.04604 1.09989 1.66044
threshold=1.0000000180025095e-35 1.0000000180025095e-35 1.0000000180025095e-35 1.0000000180025095e-35 1.0000000180025095e-35 1.0000000180025095e-35
decision_type=2 2 2 2 2 2
left_child=3 -2 -3 4 -1 -6
right_child=1 2 -4 -5 5 -7
leaf_value=-0.045001771796836905 1.0012253389540198 0.12274165378959419 -1.1249131789412823 0.91176880922238368 1.05588873873224 -0.048036141527354144
leaf_weight=91.163593308767304 3.7651150440797192 6.7875332552939653 0.84178615361452092 0.6231796070933332 1.4595205113291732 1.7583140088245273
leaf_count=775 35 46 4 5 14 16
internal_value=0 0.31355 -0.0264543 -0.0148194 -0.0252651 0.446005
internal_weight=0 11.3944 7.62932 95.0046 94.3814 3.21783
internal_count=895 85 50 810 805 30
is_linear=0
shrinkage=0.862096


Tree=10
num_leaves=7
num_cat=0
split_feature=2 13 4 4 4 26
split_gain=0.987413 0.807782 1.53981 3.01896 1.08695 4.67714
threshold=1.0000000180025095e-35 1.0000000180025095e-35 3.5000000000000004 1.0000000180025095e-35 3.5000000000000004 1.0000000180025095e-35
decision_type=2 2 2 2 2 2
left_child=-1 4 3 -3 -2 -6
right_child=1 2 -4 -5 5 -7
leaf_value=0.77143880862263392 -0.059287855863580249 -0.23633764708506991 -0.48190724543526842 1.1557575164217331 0.32911036425521101 -0.91513626638866508
leaf_weight=1.000829093158244 79.414883131161332 1.6027830485254515 0.93326498847454775 2.423550178296864 17.267889595590535 2.2683157026767722
leaf_count=13 628 22 13 22 184 13
internal_value=0 0.0029397 0.334622 0.581557 -0.0128185 0.16576
internal_weight=0 103.911 4.9596 4.02633 98.9511 19.5362
internal_count=895 882 57 44 825 197
is_linear=0
shrinkage=0.862096


Tree=11
num_leaves=7
num_cat=0
split_feature=23 14 12 14 0 1
split_gain=1.53001 4.68993 4.24016 3.95582 3.93651 3.76393
threshold=1.0000000180025095e-35 1.0000000180025095e-35 1.0000000180025095e-35 1.0000000180025095e-35 1.0000000180025095e-35 1.5000000000000002
decision_type=2 2 2 2 2 2
left_child=1 2 5 -2 -5 -1
right_child=3 -3 -4 4 -6 -7
leaf_value=0.98792811685105142 0.0014656343095581618 -0.42975630032420725 -0.40185053133976251 1.3916666652915186 0.0028460175250476422 0.10168357174164863
leaf_weight=3.7954314863309255 27.615814418997616 19.429848316824064 10.945872514508663 3.1668180003762236 3.16903440002352 36.616534477332607
leaf_count=50 191 224 82 30 28 290
internal_value=0 -0.0708985 0.0630776 0.150981 0.750728 0.194982
internal_weight=0 70.7877 51.3578 33.9517 6.33585 40.412
internal_count=895 646 422 249 58 340
is_linear=0
shrinkage=0.862096


Tree=12
num_leaves=7
num_cat=0
split_feature=17 4 19 19 37 23
split_gain=0.8233 1.90269 2.12059 1.48291 4.06984 2.85124
threshold=1.0000000180025095e-35 1.0000000180025095e-35 1.0000000180025095e-35 1.0000000180025095e-35 1.0000000180025095e-35 1.0000000180025095e-35
decision_type=2 2 2 2 2 2
left_child=3 -2 -3 4 -1 -5
right_child=1 2 -4 5 -6 -7
leaf_value=-0.073285480372744585 -0.75073229938660035 0.62040583928206061 -0.27342101080239639 0.09800400135638225 0.7381072609517928 0.99906669759229094
leaf_weight=61.603461773134768 3.0227978928014627 2.6813223436474782 5.6528540123254061 16.630141159053895 4.6913536812644443 2.9986518444493404
leaf_count=499 44 22 96 153 49 32
internal_value=0 -0.194313 0.00460694 0.0488444 -0.0106074 0.255659
internal_weight=0 11.357 8.33418 85.9236 66.2948 19.6288
internal_count=895 162 118 733 548 185
is_linear=0
shrinkage=0.862096


Tree=13
num_leaves=7
num_cat=0
split_feature=7 26 34 22 28 12
split_gain=1.18405 0.790847 0.870535 0.910796 0.788572 0.607812
threshold=1.0000000180025095e-35 1.0000000180025095e-35 1.0000000180025095e-35 1.0000000180025095e-35 1.0000000180025095e-35 1.0000000180025095e-35
decision_type=2 2 2 2 2 2
left_child=4 2 3 -2 5 -1
right_child=1 -3 -4 -5 -6 -7
leaf_value=-0.011773262434023855 -0.61328111214279635 0.37827228921341505 0.62143929345042048 0.39486893388190869 0.6766255470185385 0.16291383664235912
leaf_weight=70.208659242547583 5.824904841487295 0.60313853668048967 0.19049160182476033 0.35528301447629917 1.1549004390835751 18.067354346334469
leaf_count=554 125 9 1 4 17 185
internal_value=0 -0.327241 -0.43208 -0.515111 0.0347532 0.0224389
internal_weight=0 6.97382 6.37068 6.18019 89.4309 88.276
internal_count=895 139 130 129 756 739
is_linear=0
shrinkage=0.862096


Tree=14
num_leaves=7
num_cat=0
split_feature=8 3 16 19 3 3
split_gain=0.573471 0.97589 1.36235 0.793252 1.3608 2.081
threshold=1.0000000180025095e-35 1.0532320175751635 1.0000000180025095e-35 1.0000000180025095e-35 1.0000000180025095e-35 -0.54470181452037869
decision_type=2 2 2 2 2 2
left_child=3 2 -2 -1 5 -5
right_child=1 -3 -4 4 -6 -7
leaf_value=-0.014891508805145583 0.0064524504700200873 0.51018564304657688 -0.73996738231606574 0 -0.078660440824343508 0.73729262152252184
leaf_weight=70.274571637273766 2.9911454296670845 0.73891286458820093 3.1099963846500032 5.7436855230480441 7.7256742930039755 5.5113607075763875
leaf_count=561 41 18 94 51 74 56
internal_value=0 -0.228581 -0.362249 0.0253003 0.181103 0.371885
internal_weight=0 6.84005 6.10114 89.2553 18.9807 11.255
internal_count=895 153 135 742 181 107
is_linear=0
shrinkage=0.862096


Tree=15
num_leaves=7
num_cat=0
split_feature=3 0 11 30 12 37
split_gain=0.833078 2.28151 2.65023 3.01446 2.01175 5.01083
threshold=1.0000000180025095e-35 1.0000000180025095e-35 1.0000000180025095e-35 1.0000000180025095e-35 1.0000000180025095e-35 1.0000000180025095e-35
decision_type=2 2 2 2 2 2
left_child=4 -2 3 -3 5 -1
right_child=1 2 -4 -5 -6 -7
leaf_value=-0.24758358147000645 -0.093213382943923298 0.75027462138641265 -0.20056581970197454 -0.0025790746357986769 0.24647312878144989 1.0958912950245001
leaf_weight=37.374207884073257 24.395596805843525 9.9699306146940234 5.4592011007480314 5.7131696301512411 10.397906807484103 1.8868638079147775
leaf_count=253 201 119 84 45 164 29
internal_value=0 0.0809217 0.288465 0.469861 -0.0799818 -0.171813
internal_weight=0 45.5379 21.1423 15.6831 49.659 39.2611
internal_count=895 449 248 164 446 282
is_linear=0
shrinkage=0.862096


Tree=16
num_leaves=7
num_cat=0
split_feature=14 24 19 4 4 22
split_gain=1.00385 3.50004 1.56507 2.91423 1.8456 1.24432
threshold=1.0000000180025095e-35 1.0000000180025095e-35 1.0000000180025095e-35 1.0000000180025095e-35 1.5000000000000002 1.0000000180025095e-35
decision_type=2 2 2 2 2 2
left_child=5 2 3 -2 -4 -1
right_child=1 -3 4 -5 -6 -7
leaf_value=0.036635998542111428 -0.61559072446483365 0.90703986342497378 0 0.56421905941646222 -0.6782188328946972 0.5474576106426412
leaf_weight=69.063723216939252 2.2499679960310504 1.8016869970597316 5.4111751851160088 3.6753769672941417 8.1017618387122621 3.5690199993550769
leaf_count=576 17 20 71 43 131 37
internal_value=0 -0.145186 -0.262213 0.0815876 -0.423982 0.0659647
internal_weight=0 21.24 19.4383 5.92534 13.5129 72.6327
internal_count=895 282 262 60 202 613
is_linear=0
shrinkage=0.862096


Tree=17
num_leaves=7
num_cat=0
split_feature=3 24 14 38 4 3
split_gain=1.19109 2.4968 2.14831 3.69725 2.56475 0.602085
threshold=-0.54470181452037869 1.0000000180025095e-35 1.0000000180025095e-35 1.0000000180025095e-35 1.5000000000000002 0.25483232216142016
decision_type=2 2 2 2 2 2
left_child=1 2 3 -1 -4 -2
right_child=5 -3 4 -5 -6 -7
leaf_value=0.95324541824117359 -0.10014399865280056 -0.36364569303673067 0.87010178880315148 -0.76065108621492661 -0.44616245263317844 0.056448243855202612
leaf_weight=6.1774967950768751 47.459645886410726 3.5710562709718934 1.3289948799647389 0.77991421768092539 3.2509583606151864 27.864293631049804
leaf_count=75 396 25 11 9 43 336
internal_value=0 0.223088 0.423183 0.716752 -0.00245881 -0.0399718
internal_weight=0 15.1084 11.5374 6.95741 4.57995 75.3239
internal_count=895 163 138 84 54 732
is_linear=0
shrinkage=0.862096


Tree=18
num_leaves=7
num_cat=0
split_feature=12 4 4 10 30 14
split_gain=0.582057 1.3729 2.09136 1.885 1.57467 1.37458
threshold=1.0000000180025095e-35 1.0000000180025095e-35 3.5000000000000004 1.0000000180025095e-35 1.0000000180025095e-35 1.0000000180025095e-35
decision_type=2 2 2 2 2 2
left_child=1 4 -3 -4 -1 -6
right_child=-2 2 3 -5 5 -7
leaf_value=0.08267322732026354 -0.11159560349061637 -0.093923169826023209 0.46745999906297531 -0.97824827220999644 1.0346400895516581 0
leaf_weight=10.663295036414636 20.837372192443581 43.021830069075804 8.5821858230046892 0.41155116260051805 2.8284655380994073 1.2759071812033651
leaf_count=92 307 356 99 2 30 9
internal_value=0 0.0518219 -0.0113132 0.35688 0.2818 0.723888
internal_weight=0 66.7832 52.0156 8.99374 14.7677 4.10437
internal_count=895 588 457 101 131 39
is_linear=0
shrinkage=0.862096


Tree=19
num_leaves=7
num_cat=0
split_feature=35 26 25 36 3 1
split_gain=0.536463 2.30182 1.3698 1.02954 1.01884 1.55768
threshold=1.0000000180025095e-35 1.0000000180025095e-35 1.0000000180025095e-35 1.0000000180025095e-35 0.25483232216142016 1.0000000180025095e-35
decision_type=2 2 2 2 2 2
left_child=3 4 -3 -1 5 -2
right_child=1 2 -4 -5 -6 -7
leaf_value=-0.028899386375296137 -0.41560284451685381 0.4742920755758897 -0.71110527029278292 0.57233809508566391 0 0.97348052032333143
leaf_weight=74.666738031286513 0.3751617502421144 0.64736936986446414 2.130199121311307 1.9029862312600005 1.5450432875659315 3.4480222899001074
leaf_count=787 3 7 15 31 19 33
internal_value=0 0.218375 -0.361706 -0.00982482 0.551597 0.777499
internal_weight=0 8.1458 2.77757 76.5697 5.36823 3.82318
internal_count=895 77 22 818 55 36
is_linear=0
shrinkage=0.862096


Tree=20
num_leaves=7
num_cat=0
split_feature=17 4 30 22 11 19
split_gain=0.37822 0.863374 2.05199 1.51737 0.631139 0.558658
threshold=1.0000000180025095e-35 1.5000000000000002 1.0000000180025095e-35 1.0000000180025095e-35 1.0000000180025095e-35 1.0000000180025095e-35
decision_type=2 2 2 2 2 2
left_child=5 3 4 -2 -3 -1
right_child=1 2 -4 -5 -6 -7
leaf_value=-0.0047739925992832518 -0.51961014622936563 0.20306323712672628 1.4323036277358614 0.89565006172923289 -0.53624751310642871 0.17763722934034862
leaf_weight=59.855399318505079 5.0748111894936283 1.2330186879262333 0.49635016068350513 0.30895468965172757 1.3307249106292147 14.991730079520492
leaf_count=548 71 12 5 3 71 185
internal_value=0 -0.158725 0.161948 -0.370149 -0.134813 0.0299954
internal_weight=0 8.44386 3.06009 5.38377 2.56374 74.8471
internal_count=895 162 88 74 83 733
is_linear=0
shrinkage=0.862096


Tree=21
num_leaves=7
num_cat=0
split_feature=26 4 4 30 15 37
split_gain=0.404195 1.77925 1.41345 0.80313 0.803435 1.57035
threshold=1.0000000180025095e-35 3.5000000000000004 1.5000000000000002 1.0000000180025095e-35 1.0000000180025095e-35 1.0000000180025095e-35
decision_type=2 2 2 2 2 2
left_child=3 2 -2 4 -1 -6
right_child=1 -3 -4 -5 5 -7
leaf_value=0.074678552877316895 -0.027677477473560436 -0.53599415612605195 0.6342408042689619 -0.18413068609290734 0.22892417950021807 -0.51510623018601565
leaf_weight=47.689384830868221 3.5936512554762849 1.7765725352801389 4.8623552047938574 16.560048444196582 2.9792397033306761 4.9203440117125865
leaf_count=483 44 15 39 151 33 130
internal_value=0 0.162975 0.341129 -0.0176058 0.0295945 -0.215348
internal_weight=0 10.2326 8.45601 72.149 55.589 7.89958
internal_count=895 98 83 797 646 163
is_linear=0
shrinkage=0.862096


Tree=22
num_leaves=7
num_cat=0
split_feature=5 12 20 4 22 1
split_gain=0.412035 0.628773 0.660095 1.10874 0.455805 0.414751
threshold=1.0000000180025095e-35 1.0000000180025095e-35 1.0000000180025095e-35 1.5000000000000002 1.0000000180025095e-35 1.5000000000000002
decision_type=2 2 2 2 2 2
left_child=5 4 -3 -4 -2 -1
right_child=1 2 3 -5 -6 -7
leaf_value=-0.28078927402342946 1.0250336804229083 -0.24049017729474362 1.3718258074663507 -0.18420729357786023 0 -0.00043264894627476937
leaf_weight=3.9665102005237705 0.77009286987595149 2.1748020377563084 0.34884195239283133 0.30475325416773558 0.76518231444060802 71.912408212010632
leaf_count=80 11 83 4 5 7 705
internal_value=0 0.246386 0 0.617007 0.644794 -0.0182459
internal_weight=0 4.36367 2.8284 0.653595 1.53528 75.8789
internal_count=895 110 92 9 18 785
is_linear=0
shrinkage=0.862096


Tree=23
num_leaves=7
num_cat=0
split_feature=32 22 33 19 35 22
split_gain=0.377673 0.327828 0.251577 0.897491 0.597146 0.925871
threshold=1.0000000180025095e-35 1.0000000180025095e-35 1.0000000180025095e-35 1.0000000180025095e-35 1.0000000180025095e-35 1.0000000180025095e-35
decision_type=2 2 2 2 2 2
left_child=2 -2 4 -4 -1 -6
right_child=1 -3 3 -5 5 -7
leaf_value=-0.013347348295784009 0.66984846378598017 0 -0.4134445216681793 0.54823331731105884 0.50680170483168996 -0.39496210923120456
leaf_weight=71.128955722961109 0.89846929104532935 0.28901073802262545 3.339674716815352 0.53239256795495737 3.5331822529551564 0.66316683823242772
leaf_count=787 16 4 25 6 48 9
internal_value=0 0.4377 -0.00563643 -0.213508 0.00350905 0.311202
internal_weight=0 1.18748 79.1974 3.87207 75.3253 4.19635
internal_count=895 20 875 31 844 57
is_linear=0
shrinkage=0.862096


Tree=24
num_leaves=7
num_cat=0
split_feature=10 22 22 29 37 7
split_gain=0.353944 0.42891 0.352129 0.795319 0.657949 0.368198
threshold=1.0000000180025095e-35 1.0000000180025095e-35 1.0000000180025095e-35 1.0000000180025095e-35 1.0000000180025095e-35 1.0000000180025095e-35
decision_type=2 2 2 2 2 2
left_child=2 -2 5 4 -4 -1
right_child=1 -3 3 -5 -6 -7
leaf_value=-0.0041571098515801267 0.71494335634913497 0 0.79024069380853079 -0.34102842831568614 0 -0.2960131136121959
leaf_weight=71.521058215177618 0.87061851972248294 0.49332332797348499 1.6475360137410457 0.76718894392251957 1.141688839517883 3.1816774257968055
leaf_count=698 13 4 32 5 16 127
internal_value=0 0.400677 -0.00475177 0.24743 0.480495 -0.0198565
internal_weight=0 1.36394 78.2591 3.55641 2.78922 74.7027
internal_count=895 17 878 53 48 825
is_linear=0
shrinkage=0.862096


Tree=25
num_leaves=7
num_cat=0
split_feature=3 4 24 0 0 29
split_gain=0.177876 0.769992 0.491664 1.30639 1.17167 0.351424
threshold=-0.54470181452037869 3.5000000000000004 1.0000000180025095e-35 1.0000000180025095e-35 1.0000000180025095e-35 1.0000000180025095e-35
decision_type=2 2 2 2 2 2
left_child=1 2 3 -1 -4 -2
right_child=5 -3 4 -5 -6 -7
leaf_value=0.54485461460528772 0.0015371361321724116 0.73227650616548334 -0.69783796189349401 -0.14964777025569467 0.31268624962636449 -0.23053285915787336
leaf_weight=3.1558783462969551 62.585253987919714 1.0256525969598449 1.7248158548027277 4.1208567256107926 1.0141746760345995 4.8822321654297403
leaf_count=70 691 27 14 43 9 41
internal_value=0 0.102928 0.00475633 0.137549 -0.272462 -0.0135803
internal_weight=0 11.0414 10.0157 7.27674 2.73899 67.4675
internal_count=895 163 136 113 23 732
is_linear=0
shrinkage=0.862096


Tree=26
num_leaves=7
num_cat=0
split_feature=23 1 31 0 17 17
split_gain=0.226624 0.756856 2.24295 1.17722 2.65772 1.51563
threshold=1.0000000180025095e-35 1.5000000000000002 1.0000000180025095e-35 1.0000000180025095e-35 1.0000000180025095e-35 1.0000000180025095e-35
decision_type=2 2 2 2 2 2
left_child=-1 2 -2 4 -3 -5
right_child=1 3 -4 5 -6 -7
leaf_value=-0.02563472912614161 0.21972147248958779 -0.15231247090436384 -1.7213350606006053 0.50151249561209021 1.1832642546119059 -0.42891495632780341
leaf_weight=53.339115724891599 0.81863464461639768 12.93767963175196 0.40724596939980984 7.8908837349736132 0.93643550435081202 1.1414627879858015
leaf_count=646 19 123 3 78 10 16
internal_value=0 0.0741405 -0.502046 0.117694 -0.0296911 0.356781
internal_weight=0 24.1323 1.22588 22.9065 13.8741 9.03235
internal_count=895 249 22 227 133 94
is_linear=0
shrinkage=0.862096


Tree=27
num_leaves=7
num_cat=0
split_feature=13 0 29 11 34 12
split_gain=0.213924 1.33099 0.376296 0.529914 0.21551 0.15662
threshold=1.0000000180025095e-35 1.0000000180025095e-35 1.0000000180025095e-35 1.0000000180025095e-35 1.0000000180025095e-35 1.0000000180025095e-35
decision_type=2 2 2 2 2 2
left_child=4 -2 3 -3 5 -1
right_child=1 2 -4 -5 -6 -7
leaf_value=0.0048395557187833217 0.91797274442166688 -0.31080731244640342 -0.69943331989293889 0.69943236093413397 0.48647983972018038 -0.091915739123418189
leaf_weight=58.270285602746299 1.0118496320792465 0.65023925749119349 0.45028052991256129 0.35994286696222844 0.37425879668444295 14.73405139314127
leaf_count=570 23 15 5 15 4 263
internal_value=0 0.239 -0.201449 0 -0.00603543 -0.0126283
internal_weight=0 2.47231 1.46046 1.01018 73.3786 73.0043
internal_count=895 58 35 30 837 833
is_linear=0
shrinkage=0.862096


Tree=28
num_leaves=7
num_cat=0
split_feature=17 3 0 24 4 24
split_gain=0.175754 0.29994 1.80995 0.985682 3.53489 0.925807
threshold=1.0000000180025095e-35 -0.30502435099608466 1.0000000180025095e-35 1.0000000180025095e-35 2.5000000000000004 1.0000000180025095e-35
decision_type=2 2 2 2 2 2
left_child=1 2 5 -3 -5 -1
right_child=-2 3 -4 4 -6 -7
leaf_value=0.39383621511420031 -0.12710693571629508 -0.0030471318275100069 -0.27681359804699984 0.57226690705669603 -0.55454270118099935 -0.17340675010889126
leaf_weight=6.5297850785864284 6.3613213280332266 36.959155295364326 12.516791730595287 8.0099679465638456 2.3874606618192038 2.4539432222954929
leaf_count=101 162 389 126 74 18 25
internal_value=0 0.0189143 -0.0612725 0.0590293 0.290241 0.219975
internal_weight=0 68.8571 21.5005 47.3566 10.3974 8.98373
internal_count=895 733 252 481 92 126
is_linear=0
shrinkage=0.862096


Tree=29
num_leaves=7
num_cat=0
split_feature=26 38 23 20 7 7
split_gain=0.203948 0.914015 0.931477 0.318386 0.542619 0.294519
threshold=1.0000000180025095e-35 1.0000000180025095e-35 1.0000000180025095e-35 1.0000000180025095e-35 1.0000000180025095e-35 1.0000000180025095e-35
decision_type=2 2 2 2 2 2
left_child=3 -2 -3 5 -5 -1
right_child=1 2 -4 4 -6 -7
leaf_value=0.037587033610969781 0.078634227306853627 0.1620225096488821 -0.72618151524464258 -0.77934252059233267 0.064052638085156322 -0.23697428373543111
leaf_weight=63.159389284162899 4.8715718373132386 0.76130211958661709 2.4956950408814009 0.74137295223772415 0.5057823546230793 2.6608198844405697
leaf_count=660 54 12 32 7 8 122
internal_value=0 -0.13037 -0.473702 0.0116745 -0.373444 0.0230104
internal_weight=0 8.12857 3.257 67.0674 1.24716 65.8202
internal_count=895 98 44 797 15 782
is_linear=0
shrinkage=0.862096


Tree=30
num_leaves=7
num_cat=0
split_feature=0 3 38 4 38 14
split_gain=0.330532 1.82661 1.67266 1.32408 1.22982 1.77486
threshold=1.0000000180025095e-35 0.25483232216142016 1.0000000180025095e-35 2.5000000000000004 1.0000000180025095e-35 1.0000000180025095e-35
decision_type=2 2 2 2 2 2
left_child=-1 2 3 -2 5 -3
right_child=1 4 -4 -5 -6 -7
leaf_value=-0.061261256324136502 -0.18597132555969137 0.28632232044568035 0.65390593725132273 0.38411694834303139 -0.10095101347154763 1.4477109948140574
leaf_weight=37.164750181909767 23.661261326989923 5.1727517389808764 2.007866878877393 3.0605209807981728 2.0882798552047461 1.2450809649453729
leaf_count=426 184 100 35 65 32 53
internal_value=0 0.0530224 -0.0464333 -0.111251 0.399597 0.585467
internal_weight=0 37.2358 28.7296 26.7218 8.50611 6.41783
internal_count=895 469 284 249 185 153
is_linear=0
shrinkage=0.862096


Tree=31
num_leaves=7
num_cat=0
split_feature=3 4 29 15 38 4
split_gain=0.507397 0.477766 0.733631 0.452424 0.495562 0.323332
threshold=-0.54470181452037869 1.5000000000000002 1.0000000180025095e-35 1.0000000180025095e-35 1.0000000180025095e-35 3.5000000000000004
decision_type=2 2 2 2 2 2
left_child=1 3 5 4 -1 -3
right_child=-2 2 -4 -5 -6 -7
leaf_value=0.70131142309673977 -0.014754245451444674 -0.21439761424198531 0.80069064889671226 -0.048060308599601906 0 0.33531299130690717
leaf_weight=2.6375527160707852 65.17294112045056 4.082443387596868 0.50842171831754956 0.5636848562862723 0.60872983699664462 0.53791922965319816
leaf_count=38 732 75 8 12 6 24
internal_value=0 0.200403 0 0.421738 0.549227 -0.100895
internal_weight=0 8.93875 5.12878 3.80997 3.24628 4.62036
internal_count=895 163 107 56 44 99
is_linear=0
shrinkage=0.862096


Tree=32
num_leaves=7
num_cat=0
split_feature=12 4 0 4 1 4
split_gain=0.266307 1.56063 1.5396 1.30914 1.02383 0.883156
threshold=1.0000000180025095e-35 2.5000000000000004 1.0000000180025095e-35 1.0000000180025095e-35 1.0000000180025095e-35 2.5000000000000004
decision_type=2 2 2 2 2 2
left_child=5 3 -3 -2 -4 -1
right_child=1 2 4 -5 -6 -7
leaf_value=-0.0012241377356746186 -0.32674790129524156 -0.85204343499835478 -1.0980129563854579 0.31462409951951464 0.18920677960984011 0.31998283478920536
leaf_weight=50.294103390158853 3.0231386808300176 2.9258206421509376 0.27415589289739761 7.1847676684119506 2.8505277886215481 6.8582199445736469
leaf_count=480 64 43 2 125 73 108
internal_value=0 -0.0878079 -0.430774 0.104984 0 0.035655
internal_weight=0 16.2584 6.0505 10.2079 3.12468 57.1523
internal_count=895 307 118 189 75 588
is_linear=0
shrinkage=0.862096


Tree=33
num_leaves=7
num_cat=0
split_feature=16 37 12 14 14 37
split_gain=0.367804 0.873237 0.775825 1.55717 0.965875 0.692557
threshold=1.0000000180025095e-35 1.0000000180025095e-35 1.0000000180025095e-35 1.0000000180025095e-35 1.0000000180025095e-35 1.0000000180025095e-35
decision_type=2 2 2 2 2 2
left_child=5 2 4 -4 -2 -1
right_child=1 -3 3 -5 -6 -7
leaf_value=-0.0034377146122667071 0.064040771584617531 -0.43436458423271629 -0.25843009280285029 0.78242714263218949 -0.60893225799790907 0.37237893615886691
leaf_weight=54.612800216535106 3.5376710635609907 4.5514935812680042 1.4497922031441706 2.0831051848363131 2.1209529442712665 3.5852526593953362
leaf_count=550 31 172 23 23 14 82
internal_value=0 -0.136153 0.00155062 0.322259 -0.175418 0.0183853
internal_weight=0 13.743 9.19152 3.5329 5.65862 58.1981
internal_count=895 263 91 46 45 632
is_linear=0
shrinkage=0.862096


Tree=34
num_leaves=7
num_cat=0
split_feature=12 3 19 3 3 4
split_gain=0.40648 0.948646 0.648366 0.878646 0.609369 0.485722
threshold=1.0000000180025095e-35 -1.0000000180025095e-35 1.0000000180025095e-35 0.62601158813104896 0.25483232216142016 1.0000000180025095e-35
decision_type=2 2 2 2 2 2
left_child=5 -2 3 -3 -4 -1
right_child=1 2 4 -5 -6 -7
leaf_value=0.17908029643312112 0.10903203918575052 -0.1087509652136872 -0.60557500172640444 -0.89540105841194184 0.16688027998585608 -0.011738303819072671
leaf_weight=12.075566513871307 6.0064210074779121 3.0104323376435751 0.73697400337550822 2.2165293885627761 2.810393550855224 44.11445399263539
leaf_count=131 164 25 24 26 68 457
internal_value=0 -0.132085 -0.314315 -0.500362 0 0.0269043
internal_weight=0 14.7808 8.77433 5.22696 3.54737 56.19
internal_count=895 307 143 51 92 588
is_linear=0
shrinkage=0.862096


Tree=35
num_leaves=7
num_cat=0
split_feature=17 33 27 19 4 4
split_gain=0.224796 0.353223 0.668386 0.429623 0.412503 0.319738
threshold=1.0000000180025095e-35 1.0000000180025095e-35 1.0000000180025095e-35 1.0000000180025095e-35 2.5000000000000004 1.5000000000000002
decision_type=2 2 2 2 2 2
left_child=1 2 -1 5 -4 -3
right_child=-2 3 4 -5 -6 -7
leaf_value=0 -0.16258291374957337 -0.55000284364870766 0.49245496310590886 0.31974696695336025 -0.031298884744289879 0
leaf_weight=56.283757502387743 6.103742848697947 2.1225941078737378 3.1943988674902353 0.35198185592889775 0.76626449823379505 1.1527665350586174
leaf_count=637 162 14 58 3 10 11
internal_value=0 0.00582737 0.0245615 -0.242145 0.35526 -0.369947
internal_weight=0 63.8718 60.2444 3.62734 3.96066 3.27536
internal_count=895 733 705 28 68 25
is_linear=0
shrinkage=0.862096


Tree=36
num_leaves=7
num_cat=0
split_feature=14 19 15 21 15 29
split_gain=0.501441 0.889702 0.996674 0.794983 0.615505 0.437155
threshold=1.0000000180025095e-35 1.0000000180025095e-35 1.0000000180025095e-35 1.0000000180025095e-35 1.0000000180025095e-35 1.0000000180025095e-35
decision_type=2 2 2 2 2 2
left_child=1 2 5 4 -3 -1
right_child=-2 3 -4 -5 -6 -7
leaf_value=0 -0.14924695449203154 0.69534898820885405 0.70073237236324004 -0.23424591050093715 0 -0.32387953370738265
leaf_weight=45.106422481301706 13.625521289586684 3.2700279712444162 1.1810067128390063 0.8983522587805054 1.5746829452109521 3.1283296481706193
leaf_count=458 282 56 25 9 34 31
internal_value=0 0.0337936 -0.000870251 0.34727 0.494929 -0.0252828
internal_weight=0 55.1588 49.4158 5.74306 4.84471 48.2348
internal_count=895 613 514 99 90 489
is_linear=0
shrinkage=0.862096


Tree=37
num_leaves=7
num_cat=0
split_feature=1 31 14 3 3 3
split_gain=0.101855 0.994385 0.811024 0.602477 0.469583 0.177035
threshold=1.5000000000000002 1.0000000180025095e-35 1.0000000180025095e-35 -0.30502435099608466 1.0532320175751635 1.0000000180025095e-35
decision_type=2 2 2 2 2 2
left_child=1 2 4 -4 -1 -2
right_child=5 -3 3 -5 -6 -7
leaf_value=0.72440733327546436 -0.050348627149083926 -0.69888520676501142 -0.65912363207503444 0.34732351972233516 0 0.039550977512163223
leaf_weight=2.2865209459814646 33.803153776963882 0.52766281738877285 0.67714514769613743 0.37939612241461895 0.35694070311728854 29.883438295821179
leaf_count=63 395 3 8 10 8 408
internal_value=0 0.128169 0.327769 -0.171804 0.583384 -0.00551705
internal_weight=0 4.22767 3.7 1.05654 2.64346 63.6866
internal_count=895 92 89 18 71 803
is_linear=0
shrinkage=0.862096


Tree=38
num_leaves=7
num_cat=0
split_feature=17 23 7 24 27 29
split_gain=0.126259 0.559066 0.510711 0.28479 0.226558 0.122921
threshold=1.0000000180025095e-35 1.0000000180025095e-35 1.0000000180025095e-35 1.0000000180025095e-35 1.0000000180025095e-35 1.0000000180025095e-35
decision_type=2 2 2 2 2 2
left_child=5 2 3 -2 -3 -1
right_child=1 4 -4 -5 -6 -7
leaf_value=0.026707888243862624 -0.48866401414660166 0.41371952601169532 0.28751557161283309 0.056503342095219275 -0.086307911335062243 -0.10900728718569733
leaf_weight=56.52182844588242 3.6044594611739735 1.3230586334684629 0.43862237649773295 0.16371908783912648 0.24345226085279126 4.8620115239418729
leaf_count=685 70 26 61 1 4 48
internal_value=0 -0.11779 -0.296145 -0.420655 0.241891 0.0127783
internal_weight=0 5.77331 4.2068 3.76818 1.56651 61.3838
internal_count=895 162 132 71 30 733
is_linear=0
shrinkage=0.862096


Tree=39
num_leaves=7
num_cat=0
split_feature=3 0 4 35 13 7
split_gain=0.068299 0.265495 0.408176 0.519368 0.170089 0.151154
threshold=-0.54470181452037869 1.0000000180025095e-35 3.5000000000000004 1.0000000180025095e-35 1.0000000180025095e-35 1.0000000180025095e-35
decision_type=2 2 2 2 2 2
left_child=1 2 3 -1 -3 -2
right_child=5 4 -4 -5 -6 -7
leaf_value=-0.36585323334707454 0 0.31057985983518649 0.50971141074085469 0.41896573001753928 0 -0.22848980955070267
leaf_weight=2.8929713502584491 56.899257008437417 3.4411472353385761 0.38363451741679444 0.36658315628301341 0.5815053496044128 1.9758991912749468
leaf_count=80 624 59 13 4 7 108
internal_value=0 0.0762725 -0.0563764 -0.204513 0.232142 -0.00884412
internal_weight=0 7.66584 3.64319 3.25955 4.02265 58.8752
internal_count=895 163 97 84 66 732
is_linear=0
shrinkage=0.862096


Tree=40
num_leaves=7
num_cat=0
split_feature=3 25 19 12 30 31
split_gain=0.0630084 0.722015 1.21196 1.41861 0.657998 0.718315
threshold=0.62601158813104896 1.0000000180025095e-35 1.0000000180025095e-35 1.0000000180025095e-35 1.0000000180025095e-35 1.0000000180025095e-35
decision_type=2 2 2 2 2 2
left_child=-1 2 3 -2 -3 -6
right_child=1 4 -4 -5 5 -7
leaf_value=-0.0093979243511228324 0.78037492240449868 0.2969504460209218 -0.18357994656172252 -0.16733107070351019 -0.53690642136117117 0.33592111688392523
leaf_weight=54.365915741748722 3.4110140967532043 1.0289180736290289 2.5368846796336584 1.2208353387541135 3.1672446696320553 0.43512924574315537
leaf_count=671 91 19 61 16 33 4
internal_value=0 0.0590134 0.237493 0.500307 -0.180423 -0.371734
internal_weight=0 11.8 7.16873 4.63185 4.63129 3.60237
internal_count=895 224 168 107 56 37
is_linear=0
shrinkage=0.862096


Tree=41
num_leaves=7
num_cat=0
split_feature=36 4 13 0 25 23
split_gain=0.206286 0.293172 0.102194 0.201871 0.125729 0.902178
threshold=1.0000000180025095e-35 1.5000000000000002 1.0000000180025095e-35 1.0000000180025095e-35 1.0000000180025095e-35 1.0000000180025095e-35
decision_type=2 2 2 2 2 2
left_child=2 -2 4 -4 5 -1
right_child=1 -3 3 -5 -6 -7
leaf_value=-0.096196055015500978 0 0.51891762040277434 0.45953565208599312 0 0.053095619771103532 0.20453215287104859
leaf_weight=37.930740254236298 0.63498194585554202 1.115570320660481 0.76999477710341924 0.97958640454635315 14.731435401306952 8.7271071801369526
leaf_count=532 14 29 21 30 144 125
internal_value=0 0.276206 -0.00248484 0.184315 -0.0113347 -0.0354864
internal_weight=0 1.75055 63.1389 1.74958 61.3893 46.6578
internal_count=895 43 852 51 801 657
is_linear=0
shrinkage=0.862096


Tree=42
num_leaves=7
num_cat=0
split_feature=19 25 12 16 4 23
split_gain=0.106911 0.518927 0.325377 0.281537 0.635698 0.342856
threshold=1.0000000180025095e-35 1.0000000180025095e-35 1.0000000180025095e-35 1.0000000180025095e-35 3.5000000000000004 1.0000000180025095e-35
decision_type=2 2 2 2 2 2
left_child=-1 3 -3 4 -2 -5
right_child=1 2 -4 5 -6 -7
leaf_value=-0.0075032402959272163 0.28802342153404775 0.77726358051326161 0 -0.25810606382724716 -0.29394507336077302 0.22779793437756171
leaf_weight=51.439397437476146 5.0054509433684835 0.9065089485084179 0.56454237559228204 4.1925486107702454 1.4110353140049481 0.84623709812876757
leaf_count=584 79 17 13 163 23 16
internal_value=0 0.077852 0.517963 0 0.12802 -0.137144
internal_weight=0 12.9263 1.47105 11.4553 6.41649 5.03879
internal_count=895 311 30 281 102 179
is_linear=0
shrinkage=0.862096


Tree=43
num_leaves=7
num_cat=0
split_feature=4 15 38 12 1 6
split_gain=0.127102 0.433337 0.524607 0.591126 0.364534 0.150778
threshold=2.5000000000000004 1.0000000180025095e-35 1.0000000180025095e-35 1.0000000180025095e-35 1.5000000000000002 1.0000000180025095e-35
decision_type=2 2 2 2 2 2
left_child=5 2 3 -2 -3 -1
right_child=1 4 -4 -5 -6 -7
leaf_value=-0.021462777270781663 0.48942136790192114 0.12466355308857623 -0.26845583613597851 0 -0.53088029037169204 0.26873184080441359
leaf_weight=52.805457368696807 4.0091365897806064 0.41907768778037269 1.0476552392938172 3.2389653290520073 1.0879013073954418 1.0460475536820002
leaf_count=651 78 7 23 65 53 18
internal_value=0 0.0933891 0.183746 0.278894 -0.261186 -0.0113975
internal_weight=0 9.80274 8.29576 7.2481 1.50698 53.8515
internal_count=895 226 166 143 60 669
is_linear=0
shrinkage=0.862096


Tree=44
num_leaves=7
num_cat=0
split_feature=17 4 30 24 3 30
split_gain=0.133974 0.202619 0.560786 0.474515 0.312111 1.3685
threshold=1.0000000180025095e-35 1.0000000180025095e-35 1.0000000180025095e-35 1.0000000180025095e-35 -0.30502435099608466 1.0000000180025095e-35
decision_type=2 2 2 2 2 2
left_child=1 2 3 -1 -3 -6
right_child=-2 4 -4 -5 5 -7
leaf_value=0.079134398567656514 -0.12757297424927289 -0.11708476611267998 0.48653812169248656 -0.54267677207123521 0.17936211625007575 -0.18816351413202384
leaf_weight=9.5977488021599093 5.0762419629663773 14.066195213926216 2.1686488887935402 0.72503820722340684 19.40115310571128 11.696183087537063
leaf_count=100 162 197 42 9 271 114
internal_value=0 0.0147793 0.11189 0.0069322 -0.00883145 0.0352866
internal_weight=0 57.655 12.4914 10.3228 45.1635 31.0973
internal_count=895 733 151 109 582 385
is_linear=0
shrinkage=0.862096


Tree=45
num_leaves=7
num_cat=0
split_feature=36 25 13 0 25 38
split_gain=0.0909749 0.0606257 0.0379192 0.0679999 0.0457748 0.0732269
threshold=1.0000000180025095e-35 1.0000000180025095e-35 1.0000000180025095e-35 1.0000000180025095e-35 1.0000000180025095e-35 1.0000000180025095e-35
decision_type=2 2 2 2 2 2
left_child=2 -2 4 -4 5 -1
right_child=1 -3 3 -5 -6 -7
leaf_value=-0.039466644070830025 0 0.27795376111588255 0.27492284368016934 0 0.023379251484947291 0.097556879636856358
leaf_weight=42.98061633782163 0.33415685518411797 1.1549817866180092 0.6779018451925356 0.8369030771737016 13.964389069718889 2.2366429019020861
leaf_count=610 17 26 21 30 144 47
internal_value=0 0.191944 -0.00702148 0.107834 -0.0132887 -0.0284219
internal_weight=0 1.48914 60.6965 1.5148 59.1816 45.2173
internal_count=895 43 852 51 801 657
is_linear=0
shrinkage=0.862096


Tree=46
num_leaves=7
num_cat=0
split_feature=21 0 12 19 17 14
split_gain=0.0494451 0.331933 0.242924 0.0662699 0.222117 0.546069
threshold=1.0000000180025095e-35 1.0000000180025095e-35 1.0000000180025095e-35 1.0000000180025095e-35 1.0000000180025095e-35 1.0000000180025095e-35
decision_type=2 2 2 2 2 2
left_child=3 -2 -3 -1 5 -5
right_child=1 2 -4 4 -6 -7
leaf_value=0 0.12151317639283636 0 -0.87628542728305925 0.44798173068476987 -0.12667123058856219 0
leaf_weight=50.331630812906951 0.64555095076502655 0.37169094337150455 0.3137989937022212 2.6743530746998641 2.1314098434168036 5.6618628394207917
leaf_count=578 16 5 4 75 118 99
internal_value=0 -0.137689 -0.526672 0.0114864 0.073075 0.146244
internal_weight=0 1.33104 0.68549 60.7993 10.4676 8.33622
internal_count=895 25 9 870 292 174
is_linear=0
shrinkage=0.862096


Tree=47
num_leaves=7
num_cat=0
split_feature=3 24 11 5 3 4
split_gain=0.0723747 0.134622 0.166858 0.194577 0.0596251 0.345767
threshold=-0.54470181452037869 1.0000000180025095e-35 1.0000000180025095e-35 1.0000000180025095e-35 0.62601158813104896 1.5000000000000002
decision_type=2 2 2 2 2 2
left_child=1 2 3 -1 -2 -6
right_child=4 -3 -4 -5 5 -7
leaf_value=0.3270737897726938 -0.027855920737328479 -0.060140756622113115 0 -0.081426030050804274 -0.13942982749877247 0.17946418049508359
leaf_weight=3.5035650374193206 45.174933701753616 1.8512650745105927 1.6119139566289957 0.22596543044210182 3.5526906372397189 5.9541970476566348
leaf_count=83 508 25 49 6 93 131
internal_value=0 0.0779622 0.156741 0.255992 -0.0124113 0.0423426
internal_weight=0 7.19271 5.34144 3.72953 54.6818 9.50689
internal_count=895 163 138 89 732 224
is_linear=0
shrinkage=0.862096


Tree=48
num_leaves=7
num_cat=0
split_feature=3 0 0 16 4 4
split_gain=0.0647008 0.944493 0.577827 0.588783 0.579161 0.504042
threshold=0.25483232216142016 1.0000000180025095e-35 1.0000000180025095e-35 1.0000000180025095e-35 2.5000000000000004 1.5000000000000002
decision_type=2 2 2 2 2 2
left_child=2 -2 3 4 -1 -4
right_child=1 -3 5 -5 -6 -7
leaf_value=0.27976686208557539 -0.20797361248637933 0.19728837385765169 0.055483214133787213 -0.15287566761567492 -0.14941039940388029 -0.17787286109766073
leaf_weight=13.042556068219712 10.998440230818234 6.3510106003523097 11.390866121878391 3.5488853844362884 2.1043630264075537 14.230301199980202
leaf_count=146 151 185 114 84 45 170
internal_value=0 -0.0492322 0.0115362 0.128999 0.207566 -0.0680491
internal_weight=0 17.3495 44.317 18.6958 15.1469 25.6212
internal_count=895 336 559 275 191 284
is_linear=0
shrinkage=0.862096


Tree=49
num_leaves=7
num_cat=0
split_feature=23 12 0 0 14 4
split_gain=0.0528425 0.396938 0.962485 0.340229 0.806094 0.330514
threshold=1.0000000180025095e-35 1.0000000180025095e-35 1.0000000180025095e-35 1.0000000180025095e-35 1.0000000180025095e-35 3.5000000000000004
decision_type=2 2 2 2 2 2
left_child=-1 3 5 4 -2 -3
right_child=1 2 -4 -5 -6 -7
leaf_value=0.013394838712765502 -0.26369326948839927 1.0666286207286677 -0.198066033015072 0.046401487425778536 0.56059995686496411 0
leaf_weight=43.058679979330009 9.818824467118251 0.71206663097836898 0.7569078561355127 6.3562393033644176 0.60406293568667102 0.09152250736951828
leaf_count=646 94 23 24 84 18 6
internal_value=0 -0.0411506 0.322764 -0.0894568 -0.187318 0.900124
internal_weight=0 18.3396 1.5605 16.7791 10.4229 0.803589
internal_count=895 249 53 196 112 29
is_linear=0
shrinkage=0.862096


Tree=50
num_leaves=7
num_cat=0
split_feature=11 19 12 3 8 3
split_gain=0.0798552 0.326157 0.68255 0.281088 0.261692 0.163298
threshold=1.0000000180025095e-35 1.0000000180025095e-35 1.0000000180025095e-35 -1.0000000180025095e-35 1.0000000180025095e-35 1.0532320175751635
decision_type=2 2 2 2 2 2
left_child=-1 2 3 -2 -3 -6
right_child=1 4 -4 -5 5 -7
leaf_value=0.024971104889841351 -0.1268244713564366 0.16774126592431909 -0.46972185275410949 0.35667079552810615 -0.39486181546009519 0
leaf_weight=48.640767821635563 1.2268024446675556 5.1387129672366427 3.0964337990953936 1.3007027856947369 0.95152771045650275 0.303997868206352
leaf_count=602 16 115 35 22 92 13
internal_value=0 -0.0509073 -0.205415 0.0712994 0.0622098 -0.21187
internal_weight=0 12.0182 5.62394 2.52751 6.39424 1.25553
internal_count=895 293 73 38 220 105
is_linear=0
shrinkage=0.862096


Tree=51
num_leaves=7
num_cat=0
split_feature=29 30 19 3 37 3
split_gain=0.111237 0.352088 0.628285 0.373614 0.232035 0.161136
threshold=1.0000000180025095e-35 1.0000000180025095e-35 1.0000000180025095e-35 -1.0000000180025095e-35 1.0000000180025095e-35 1.0000000180025095e-35
decision_type=2 2 2 2 2 2
left_child=5 2 4 -3 -2 -1
right_child=1 3 -4 -5 -6 -7
leaf_value=-0.025981937027423872 0.48025639792002667 0.12835758425564139 -0.48297427476769544 -0.54898385670594985 0 0.06609908625408234
leaf_weight=31.537353962159614 1.5505565060302609 0.23633455531671654 0.69446365365274676 1.7419367904658425 0.31457847356796254 23.638270385790747
leaf_count=421 21 8 8 15 2 420
internal_value=0 -0.126236 0.0321742 -0.386645 0.339999 0.010527
internal_weight=0 4.53787 2.5596 1.97827 1.86513 55.1756
internal_count=895 54 31 23 23 841
is_linear=0
shrinkage=0.862096


Tree=52
num_leaves=7
num_cat=0
split_feature=4 3 12 3 37 37
split_gain=0.0693105 0.40739 0.569241 0.7733 0.649368 0.210219
threshold=1.5000000000000002 -0.30502435099608466 1.0000000180025095e-35 1.0000000180025095e-35 1.0000000180025095e-35 1.0000000180025095e-35
decision_type=2 2 2 2 2 2
left_child=1 -1 3 -3 -4 -2
right_child=5 2 4 -5 -6 -7
leaf_value=0.12070457927179705 0.046064703239318452 -0.23432765830091737 -0.72964187492861299 0.14988267748724882 0.0074334641998489376 -0.18269175200003962
leaf_weight=7.1971689713973346 31.972536841265537 7.3808473265380616 1.8386781363515177 7.3270836409355979 0.78579980342783518 2.8437414623499526
leaf_count=106 380 48 33 130 32 166
internal_value=0 -0.037898 -0.114245 -0.0323001 -0.469612 0.0212961
internal_weight=0 24.5296 17.3324 14.7079 2.62448 34.8163
internal_count=895 349 243 178 65 546
is_linear=0
shrinkage=0.862096


Tree=53
num_leaves=7
num_cat=0
split_feature=12 3 37 1 16 3
split_gain=0.148405 0.253015 0.792598 0.278616 0.231366 0.361381
threshold=1.0000000180025095e-35 -0.30502435099608466 1.0000000180025095e-35 1.5000000000000002 1.0000000180025095e-35 -0.30502435099608466
decision_type=2 2 2 2 2 2
left_child=4 2 3 -2 -1 -6
right_child=1 -3 -4 -5 5 -7
leaf_value=0 0 0 -0.07135154077396752 0.78176670185214081 -0.3910774120850023 0
leaf_weight=42.061741202591293 0.16963814652990539 7.2493887630671434 1.586695208625315 1.4598444387811469 2.8220738749369048 2.607295461872126
leaf_count=526 4 187 91 25 26 36
internal_value=0 0.085851 0.277031 0.668646 -0.0256944 -0.189042
internal_weight=0 10.4656 3.21618 1.62948 47.4911 5.42937
internal_count=895 307 120 29 588 62
is_linear=0
shrinkage=0.862096


Tree=54
num_leaves=7
num_cat=0
split_feature=14 11 0 3 4 3
split_gain=0.162831 0.602607 0.441578 0.2095 0.20922 0.320847
threshold=1.0000000180025095e-35 1.0000000180025095e-35 1.0000000180025095e-35 1.0532320175751635 3.5000000000000004 0.25483232216142016
decision_type=2 2 2 2 2 2
left_child=3 2 -2 -1 -3 -6
right_child=1 4 -4 -5 5 -7
leaf_value=0.036663122905208699 -0.64434027174069275 0 -0.060899762750884975 -0.18392861167146707 0 0.60937266282993241
leaf_weight=43.989219785607929 1.7335772846054149 3.671380184334339 3.5358657556062099 3.0280181911948594 0.57770617504775124 0.89955299162465963
leaf_count=539 33 130 52 74 41 26
internal_value=0 -0.0995603 -0.305196 0.0179104 0.0841127 0.333561
internal_weight=0 10.4181 5.26944 47.0172 5.14864 1.47726
internal_count=895 282 85 613 197 67
is_linear=0
shrinkage=0.862096


Tree=55
num_leaves=7
num_cat=0
split_feature=22 6 29 8 4 7
split_gain=0.108311 0.213783 0.24002 0.217944 0.0731792 0.127774
threshold=1.0000000180025095e-35 1.0000000180025095e-35 1.0000000180025095e-35 1.0000000180025095e-35 1.0000000180025095e-35 1.0000000180025095e-35
decision_type=2 2 2 2 2 2
left_child=4 2 3 -2 5 -1
right_child=1 -3 -4 -5 -6 -7
leaf_value=-0.029819053900147937 0.65661601313148121 -0.19697036171521981 0 0 0 -0.3988550352998928
leaf_weight=10.39162823130027 1.0075855411269001 0.2523639746941625 0.41388145368546236 0.62105948082171369 44.040731095842602 0.69121019856538701
leaf_count=163 37 4 5 11 655 20
internal_value=0 0.164492 0.300327 0.451821 -0.014818 -0.0765816
internal_weight=0 2.29489 2.04253 1.62865 55.1236 11.0828
internal_count=895 57 53 48 838 183
is_linear=0
shrinkage=0.862096


Tree=56
num_leaves=7
num_cat=0
split_feature=25 11 31 1 11 3
split_gain=0.0331059 0.210218 0.142431 0.331546 0.161045 0.302605
threshold=1.0000000180025095e-35 1.0000000180025095e-35 1.0000000180025095e-35 1.5000000000000002 1.0000000180025095e-35 -0.30502435099608466
decision_type=2 2 2 2 2 2
left_child=2 -2 4 -4 5 -1
right_child=1 -3 3 -5 -6 -7
leaf_value=-0.086343696117572075 0 0.33741821888395301 -0.69888472301572302 0 -0.10817468544035067 0.082277071960284845
leaf_weight=11.46812755507016 12.573124735426969 1.2149921823438496 0.48108157515525818 0.44778145430609484 9.0286695296917951 21.796740587058601
leaf_count=151 140 37 2 11 250 304
internal_value=0 0.0294694 -0.0172031 -0.314129 -0.00477438 0.0188503
internal_weight=0 13.7881 43.2224 0.928863 42.2935 33.2649
internal_count=895 177 718 13 705 455
is_linear=0
shrinkage=0.862096


Tree=57
num_leaves=7
num_cat=0
split_feature=3 4 35 27 1 4
split_gain=0.079996 0.624196 0.305169 0.164777 0.106998 0.0865006
threshold=-0.30502435099608466 2.5000000000000004 1.0000000180025095e-35 1.0000000180025095e-35 1.5000000000000002 2.5000000000000004
decision_type=2 2 2 2 2 2
left_child=1 2 3 -1 -4 -2
right_child=5 -3 4 -5 -6 -7
leaf_value=-0.061976160189939483 -0.00062518796689813147 0.59301913978443421 0 0.31283227397130459 0.55016506853368563 -0.10930924661068059
leaf_weight=15.434845703455723 31.129343352027263 1.1469117677297607 0.14341851748758927 0.55785487742105111 0.68704642762895751 7.3869276179266299
leaf_count=210 422 58 3 16 18 168
internal_value=0 0.0421784 0 -0.033565 0.43636 -0.0264578
internal_weight=0 17.9701 16.8232 15.9927 0.830465 38.5163
internal_count=895 305 247 226 21 590
is_linear=0
shrinkage=0.862096


Tree=58
num_leaves=7
num_cat=0
split_feature=12 3 19 19 23 4
split_gain=0.0598227 0.181053 0.371871 0.370769 0.398046 0.270818
threshold=1.0000000180025095e-35 0.62601158813104896 1.0000000180025095e-35 1.0000000180025095e-35 1.0000000180025095e-35 3.5000000000000004
decision_type=2 2 2 2 2 2
left_child=1 2 -1 4 -3 -4
right_child=-2 3 5 -5 -6 -7
leaf_value=-0.065382733844128668 0.064967984552782604 0.483108227260516 0.30203233179267153 -0.2666166077350518 0 -0.10435823060885598
leaf_weight=35.223730548008461 9.9343825323508081 2.2429943112365427 3.6140097546667667 0.89782776561332855 3.0661820900786552 0.86169856997730665
leaf_count=361 307 83 58 26 47 13
internal_value=0 -0.00663323 -0.0316889 0.122088 0.227865 0.186458
internal_weight=0 45.9064 39.6994 6.207 5.30918 4.47571
internal_count=895 588 432 156 130 71
is_linear=0
shrinkage=0.862096


Tree=59
num_leaves=7
num_cat=0
split_feature=17 7 19 0 7 15
split_gain=0.0638687 0.174606 0.241506 0.333034 0.106453 0.0776297
threshold=1.0000000180025095e-35 1.0000000180025095e-35 1.0000000180025095e-35 1.0000000180025095e-35 1.0000000180025095e-35 1.0000000180025095e-35
decision_type=2 2 2 2 2 2
left_child=4 2 3 -2 -1 -6
right_child=1 -3 -4 -5 5 -7
leaf_value=0.024664910747062757 -0.29202407125669472 0.20717964800813293 -0.38359511310759076 0.32729889206193602 0 -0.31202481568697071
leaf_weight=49.527927033200285 0.97840635600732562 0.50155025437516076 1.8719231077557199 1.056615199544467 0.89175239677206153 0.92953193523499067
leaf_count=661 16 67 61 18 32 40
internal_value=0 -0.0901589 -0.179813 0 0.0137289 -0.16755
internal_weight=0 4.40849 3.90694 2.03502 51.3492 1.82128
internal_count=895 162 95 34 733 72
is_linear=0
shrinkage=0.862096


Tree=60
num_leaves=7
num_cat=0
split_feature=3 14 3 37 4 12
split_gain=0.0697635 0.160024 0.159706 0.196087 0.15057 0.187227
threshold=0.25483232216142016 1.0000000180025095e-35 -1.0000000180025095e-35 1.0000000180025095e-35 3.5000000000000004 1.0000000180025095e-35
decision_type=2 2 2 2 2 2
left_child=1 4 -3 -4 5 -1
right_child=-2 2 3 -5 -6 -7
leaf_value=0 -0.05128451021955558 0 -0.45708125862966043 0 0.23588280433743666 0.26138608848685246
leaf_weight=28.616486401748265 14.950482331012607 5.3426929633969849 1.2930285808106408 0.41537434707788623 2.7556188954886229 1.9720213222753944
leaf_count=270 336 152 11 16 77 33
internal_value=0 0.0170587 -0.091294 -0.301775 0.0455695 0.0210378
internal_weight=0 40.3952 7.0511 1.7084 33.3441 30.5885
internal_count=895 559 179 27 380 303
is_linear=0
shrinkage=0.862096


Tree=61
num_leaves=7
num_cat=0
split_feature=25 19 4 29 29 12
split_gain=0.0420543 0.0967082 0.104995 0.291622 0.215693 0.0464297
threshold=1.0000000180025095e-35 1.0000000180025095e-35 3.5000000000000004 1.0000000180025095e-35 1.0000000180025095e-35 1.0000000180025095e-35
decision_type=2 2 2 2 2 2
left_child=-1 2 3 -2 -4 -3
right_child=1 5 4 -5 -6 -7
leaf_value=-0.012401190247918711 0.11479742481153699 0.41951478413419385 -0.44420925592811167 -0.23883403902064276 0.073599752327174445 0
leaf_weight=42.044677993535515 9.6651133744817272 0.47823275379778429 0.81545908040425341 1.6420755693688995 0.24958763644099236 0.4335612100767321
leaf_count=718 111 17 20 13 3 13
internal_value=0 0.0427394 0.00574497 0.0444606 -0.204454 0.285987
internal_weight=0 13.284 12.3722 11.3072 1.06505 0.911794
internal_count=895 177 147 124 23 30
is_linear=0
shrinkage=0.862096


Tree=62
num_leaves=7
num_cat=0
split_feature=3 19 4 4 23 4
split_gain=0.032794 0.0587699 0.201027 0.155531 0.438224 0.0810947
threshold=-0.54470181452037869 1.0000000180025095e-35 1.5000000000000002 1.0000000180025095e-35 1.0000000180025095e-35 3.5000000000000004
decision_type=2 2 2 2 2 2
left_child=1 3 -3 -1 -5 -4
right_child=-2 2 5 4 -6 -7
leaf_value=-0.26908021517658198 0.0076659562543491553 0.046882167236573367 -0.37810248069842622 0.44468602132198154 -0.14597347439316702 0
leaf_weight=0.77992973937943988 48.983042817953447 0.87273216851463109 1.6404546495905377 1.4144566693285014 1.3152065145186498 0.14998304268556228
leaf_count=26 732 15 39 46 25 12
internal_value=0 -0.0577635 -0.149183 0 0.115542 -0.321244
internal_weight=0 6.17276 2.66317 3.50959 2.72966 1.79044
internal_count=895 163 66 97 71 51
is_linear=0
shrinkage=0.862096


Tree=63
num_leaves=7
num_cat=0
split_feature=16 37 23 4 37 22
split_gain=0.0146506 0.232555 0.127571 0.135617 0.162718 0.140169
threshold=1.0000000180025095e-35 1.0000000180025095e-35 1.0000000180025095e-35 3.5000000000000004 1.0000000180025095e-35 1.0000000180025095e-35
decision_type=2 2 2 2 2 2
left_child=1 -1 3 5 -5 -2
right_child=2 -3 -4 4 -6 -7
leaf_value=-0.005163314212397894 -0.24841927921170581 0.25695723656484554 0.1335998741728775 0.24674042994734205 -0.18708551103964152 0.0057932156661178041
leaf_weight=43.927260199772718 4.1772581855516346 2.3601618121847414 1.59705226494043 1.2812148374505339 0.54958227469705878 0.62719577702227969
leaf_count=550 110 82 47 22 71 13
internal_value=0 0.00593291 -0.0329943 -0.101323 0.0281722 -0.183114
internal_weight=0 46.2874 8.2323 6.63525 1.8308 4.80445
internal_count=895 632 263 216 93 123
is_linear=0
shrinkage=0.862096


Tree=64
num_leaves=7
num_cat=0
split_feature=3 4 14 12 14 23
split_gain=0.0370765 0.121768 0.195601 0.116605 0.327503 0.232594
threshold=-0.30502435099608466 1.0000000180025095e-35 1.0000000180025095e-35 1.0000000180025095e-35 1.0000000180025095e-35 1.0000000180025095e-35
decision_type=2 2 2 2 2 2
left_child=1 2 -1 -2 5 -5
right_child=3 -3 -4 4 -6 -7
leaf_value=0.26504657728809111 0.0070486304159230358 0 -0.084131818208331433 -0.32988227648956903 0.10257866182394393 0.013863957115972993
leaf_weight=3.3130776816688021 30.237507779893349 12.593249238929729 0.71315903333015729 4.1359348530131674 2.3513812193423291 0.83626554154034227
leaf_count=45 403 244 16 58 111 18
internal_value=0 0.0364001 0.16219 -0.0117079 -0.109107 -0.241814
internal_weight=0 16.6195 4.02624 37.5611 7.32358 4.9722
internal_count=895 305 61 590 187 76
is_linear=0
shrinkage=0.862096


Tree=65
num_leaves=7
num_cat=0
split_feature=4 12 0 24 19 12
split_gain=0.0233505 0.146945 0.696588 0.338496 0.354707 0.0926085
threshold=3.5000000000000004 1.0000000180025095e-35 1.0000000180025095e-35 1.0000000180025095e-35 1.0000000180025095e-35 1.0000000180025095e-35
decision_type=2 2 2 2 2 2
left_child=5 3 -3 4 -2 -1
right_child=1 2 -4 -5 -6 -7
leaf_value=-0.021948226122196181 0.59641138010505101 -0.54683386259975109 0.19798779217497595 -0.082624218298479282 0 0.087961386471567857
leaf_weight=40.273747992750941 1.4882188749761547 1.1864369418526624 2.0651544135239419 1.2506200675852599 0.88592444160758521 6.1724115984643495
leaf_count=487 61 42 75 20 20 190
internal_value=0 0.0485911 -0.0461069 0.174624 0.369281 -0.0032859
internal_weight=0 6.87635 3.25159 3.62476 2.37414 46.4462
internal_count=895 218 117 101 81 677
is_linear=0
shrinkage=0.862096


Tree=66
num_leaves=7
num_cat=0
split_feature=7 3 17 17 19 3
split_gain=0.0381441 0.131853 0.0860658 0.0225485 0.0824919 0.124491
threshold=1.0000000180025095e-35 -1.0000000180025095e-35 1.0000000180025095e-35 1.0000000180025095e-35 1.0000000180025095e-35 0.62601158813104896
decision_type=2 2 2 2 2 2
left_child=3 -2 -3 4 5 -1
right_child=1 2 -4 -5 -6 -7
leaf_value=-0.018241500220333468 0 -0.40301153240413223 0 -0.050126147157941212 0.10475352723192866 0.12613366929591552
leaf_weight=36.098477584819193 1.0156711939944219 0.89759811853764293 0.30101248117080104 3.5463833431567755 6.1197611617085377 4.7904683541564728
leaf_count=392 79 26 34 95 132 137
internal_value=0 -0.10395 -0.292034 0.00554856 0.013603 0
internal_weight=0 2.21428 1.19861 50.5551 47.0087 40.8889
internal_count=895 139 60 756 661 529
is_linear=0
shrinkage=0.862096


Tree=67
num_leaves=7
num_cat=0
split_feature=3 14 16 14 23 21
split_gain=0.0331935 0.138746 0.0645073 0.0633038 0.47305 0.068196
threshold=1.0532320175751635 1.0000000180025095e-35 1.0000000180025095e-35 1.0000000180025095e-35 1.0000000180025095e-35 1.0000000180025095e-35
decision_type=2 2 2 2 2 2
left_child=3 2 -2 5 -5 -1
right_child=1 -3 -4 4 -6 -7
leaf_value=0.031895585380527169 -0.25626097610276394 0.11016156817313803 0 -0.16701203249257598 0.31466366996657458 -0.16552902217018811
leaf_weight=39.78355841786788 2.1980389427262708 0.77938857804110728 0.49835410383820988 7.0447104428867515 1.5062365418125407 0.85643255920149286
leaf_count=526 57 33 17 200 49 13
internal_value=0 -0.0789637 -0.196022 0.0052211 -0.0559796 0.0225343
internal_weight=0 3.47578 2.69639 49.1909 8.55095 40.64
internal_count=895 107 74 788 249 539
is_linear=0
shrinkage=0.862096


Tree=68
num_leaves=7
num_cat=0
split_feature=38 4 19 4 3 4
split_gain=0.00845969 0.244543 0.289519 0.138773 0.0836588 0.0461386
threshold=1.0000000180025095e-35 1.5000000000000002 1.0000000180025095e-35 3.5000000000000004 0.62601158813104896 1.5000000000000002
decision_type=2 2 2 2 2 2
left_child=5 2 -2 4 -3 -1
right_child=1 3 -4 -5 -6 -7
leaf_value=0.039221794871951765 -0.36983293483812524 0.32428481383892765 0.15287721004481275 -0.072490278288583579 0 -0.01416714089560751
leaf_weight=18.821441489058088 2.3173304947849824 1.5746041492548108 0.42102856082783535 0.7380354373162844 0.63906006084289391 27.785532631595743
leaf_count=292 42 39 15 26 14 467
internal_value=0 -0.0306321 -0.226446 0.101837 0.230114 0.00386457
internal_weight=0 5.69006 2.73836 2.9517 2.21366 46.607
internal_count=895 136 57 79 53 759
is_linear=0
shrinkage=0.862096


Tree=69
num_leaves=7
num_cat=0
split_feature=16 13 3 3 26 3
split_gain=0.0108732 0.0402971 0.0448462 0.109242 0.0307202 0.0531592
threshold=1.0000000180025095e-35 1.0000000180025095e-35 -0.54470181452037869 -0.30502435099608466 1.0000000180025095e-35 -0.54470181452037869
decision_type=2 2 2 2 2 2
left_child=-1 2 -2 -4 5 -3
right_child=1 4 3 -5 -6 -7
leaf_value=0.0045883874068578879 0 0 -0.25911150388785403 0 0 0.29777649108712045
leaf_weight=43.933575051876687 0.97014179025427427 0.46847079833969474 1.9373525664250331 3.7553694052612623 0.12130283040823997 0.48131243464149498
leaf_count=632 36 11 54 134 9 19
internal_value=0 -0.0298996 -0.0693424 -0.105765 0.0532736 0.148069
internal_weight=0 7.73395 6.66286 5.69272 1.07109 0.949783
internal_count=895 263 224 188 39 30
is_linear=0
shrinkage=0.862096


Tree=70
num_leaves=7
num_cat=0
split_feature=3 25 16 1 38 21
split_gain=0.013544 0.0562837 0.362187 0.105256 0.066512 0.0317678
threshold=-0.30502435099608466 1.0000000180025095e-35 1.0000000180025095e-35 1.0000000180025095e-35 1.0000000180025095e-35 1.0000000180025095e-35
decision_type=2 2 2 2 2 2
left_child=1 3 -3 -1 -5 -2
right_child=5 2 -4 4 -6 -7
leaf_value=-0.27753550691116763 0 0.37499730036148765 -0.12135859497673962 0 0.23490095077342263 -0.14714937486321789
leaf_weight=0.70391025079879632 34.600374108500546 1.8312631192748077 1.3818040647056478 11.252583475078607 0.6972616005259632 0.92384512725402501
leaf_count=17 572 37 14 216 21 18
internal_value=0 0.0221933 0.119639 0 0.0172519 -0.00769778
internal_weight=0 15.8668 3.21307 12.6538 11.9498 35.5242
internal_count=895 305 51 254 237 590
is_linear=0
shrinkage=0.862096


Tree=71
num_leaves=7
num_cat=0
split_feature=26 24 38 30 24 23
split_gain=0.00991815 0.211887 0.100017 0.523852 0.086556 2.11656
threshold=1.0000000180025095e-35 1.0000000180025095e-35 1.0000000180025095e-35 1.0000000180025095e-35 1.0000000180025095e-35 1.0000000180025095e-35
decision_type=2 2 2 2 2 2
left_child=4 -2 3 -3 -1 -6
right_child=1 2 -4 -5 5 -7
leaf_value=-0.013384287460895232 0.091702565723128529 -0.45893033159083463 -0.34839658299580673 0.55160179922461017 0.50721765201093938 -0.33531846702303775
leaf_weight=37.73900809348288 2.5566177413529649 0.58542593847960234 1.5105338127577852 0.42677660829212982 4.2314611212059372 3.9503120476329059
leaf_count=692 59 6 23 10 50 55
internal_value=0 -0.0371267 -0.225012 0 0.000397506 0.0825296
internal_weight=0 5.07935 2.52274 1.0122 45.9208 8.18177
internal_count=895 98 39 16 797 105
is_linear=0
shrinkage=0.862096


Tree=72
num_leaves=7
num_cat=0
split_feature=23 24 30 3 7 30
split_gain=0.171035 0.435129 1.35715 0.476328 0.460055 0.559013
threshold=1.0000000180025095e-35 1.0000000180025095e-35 1.0000000180025095e-35 1.0000000180025095e-35 1.0000000180025095e-35 1.0000000180025095e-35
decision_type=2 2 2 2 2 2
left_child=-1 4 3 -3 5 -2
right_child=1 2 -4 -5 -6 -7
leaf_value=-0.036838990744443904 0.55854100954965524 -0.81156855566877029 0.21118726088710665 0 -0.29461209868650928 0.057416000359515461
leaf_weight=35.41525178670463 2.9454953263684693 1.6262940198430436 3.5006369546499627 0.70347684206353722 0.75561125733656886 5.481196980108507
leaf_count=646 70 22 54 14 22 67
internal_value=0 0.0717912 -0.0911322 -0.586158 0.192898 0.263814
internal_weight=0 15.0127 5.83041 2.32977 9.1823 8.42669
internal_count=895 249 90 36 159 137
is_linear=0
shrinkage=0.862096


Tree=73
num_leaves=7
num_cat=0
split_feature=35 3 1 3 12 0
split_gain=0.0370998 0.272834 0.0631902 0.0587766 0.183629 0.262409
threshold=1.0000000180025095e-35 0.25483232216142016 1.0000000180025095e-35 0.62601158813104896 1.0000000180025095e-35 1.0000000180025095e-35
decision_type=2 2 2 2 2 2
left_child=3 2 -2 -1 5 -5
right_child=1 -3 -4 4 -6 -7
leaf_value=-0.024193254452241124 0 -0.11767994236166626 0.35395063475586447 0.0036394284665537159 -0.094443745496216883 0.56697167181748553
leaf_weight=40.365212611699917 0.11924856191035349 1.4089288356481118 1.7330236076995782 3.234946156240766 2.0241866198703065 0.77710279180610076
leaf_count=612 3 26 48 63 66 77
internal_value=0 0.0819681 0.309898 -0.00912381 0.0614431 0.180834
internal_weight=0 3.2612 1.85227 46.4014 6.03624 4.01205
internal_count=895 77 51 818 206 140
is_linear=0
shrinkage=0.862096


Tree=74
num_leaves=7
num_cat=0
split_feature=33 3 3 0 3 30
split_gain=0.0577266 0.31193 0.576528 0.224081 0.149791 0.352833
threshold=1.0000000180025095e-35 1.0000000180025095e-35 0.25483232216142016 1.0000000180025095e-35 1.0000000180025095e-35 1.0000000180025095e-35
decision_type=2 2 2 2 2 2
left_child=4 3 -3 -2 -1 -6
right_child=1 2 -4 -5 5 -7
leaf_value=0.055347197968467404 -0.62295585324667146 0.98633040274280648 -0.11540611013958717 0 0.050882399720621065 -0.16731558800683283
leaf_weight=26.615980047306039 0.82725757756270402 0.1733535984822081 0.88122812239453197 0.34265376394614577 11.216404524391237 9.2500014211182133
leaf_count=432 8 4 14 6 311 120
internal_value=0 -0.12362 0.0982311 -0.423397 0.0101382 -0.0404078
internal_weight=0 2.22449 1.05458 1.16991 47.0824 20.4664
internal_count=895 32 18 14 863 431
is_linear=0
shrinkage=0.862096


Tree=75
num_leaves=7
num_cat=0
split_feature=3 0 37 4 37 22
split_gain=0.0437396 0.11027 0.126193 0.0401291 0.0357597 0.122793
threshold=0.62601158813104896 1.0000000180025095e-35 1.0000000180025095e-35 1.5000000000000002 1.0000000180025095e-35 1.0000000180025095e-35
decision_type=2 2 2 2 2 2
left_child=4 -2 3 -3 5 -1
right_child=1 2 -4 -5 -6 -7
leaf_value=-0.030620550712764903 0 0 0 0.35595230419793905 0.061051462171652734 0.32249403414669409
leaf_weight=38.448602852600743 4.4717633254731473 0.41815016907639857 0.27925173023140804 1.5857493807197898 3.5120521953099333 0.41923284671429328
leaf_count=442 95 33 40 56 201 28
internal_value=0 0.064124 0.208561 0.30033 -0.00924489 -0.0203122
internal_weight=0 6.75491 2.28315 2.0039 42.3799 38.8678
internal_count=895 224 129 89 671 470
is_linear=0
shrinkage=0.862096


Tree=76
num_leaves=7
num_cat=0
split_feature=25 24 3 3 3 4
split_gain=0.0228457 0.156895 0.590456 0.48491 0.119369 0.102996
threshold=1.0000000180025095e-35 1.0000000180025095e-35 0.25483232216142016 0.62601158813104896 0.25483232216142016 1.5000000000000002
decision_type=2 2 2 2 2 2
left_child=-1 2 -2 -4 5 -3
right_child=1 4 3 -5 -6 -7
leaf_value=-0.0031994431062467047 -0.018729365123871959 0.2537904943189695 1.0421876636616065 0.057097987793280736 -0.22776202252863464 -0.054605502221083936
leaf_weight=38.389689083817757 4.4300110583963015 0.84421304947864007 0.57051035546464879 1.5287101093999806 1.7978999192564513 1.4895164227709754
leaf_count=718 64 16 11 39 22 25
internal_value=0 0.0394031 0.130221 0.483422 -0.064633 0.00598149
internal_weight=0 10.6609 6.52923 2.09922 4.13163 2.33373
internal_count=895 177 114 50 63 41
is_linear=0
shrinkage=0.862096


Tree=77
num_leaves=7
num_cat=0
split_feature=23 30 0 17 0 33
split_gain=0.0477781 0.0558246 0.317005 0.163984 0.090113 0.292852
threshold=1.0000000180025095e-35 1.0000000180025095e-35 1.0000000180025095e-35 1.0000000180025095e-35 1.0000000180025095e-35 1.0000000180025095e-35
decision_type=2 2 2 2 2 2
left_child=-1 4 -3 -4 5 -2
right_child=1 2 3 -5 -6 -7
leaf_value=-0.013922714099785041 0.29460541073774937 0 0.39810953289527001 0 -0.13983380565794445 -0.29122948489089268
leaf_weight=35.308806220367387 1.6963376404864878 6.3862912407712429 2.4332375847607186 0.22305326668356418 2.3837142072534334 0.47442175447940815
leaf_count=646 54 84 41 6 61 3
internal_value=0 0.0454339 0.0867805 0.323513 -0.00162488 0.0790146
internal_weight=0 13.5971 9.04258 2.65629 4.55447 2.17076
internal_count=895 249 131 47 118 57
is_linear=0
shrinkage=0.862096


Tree=78
num_leaves=7
num_cat=0
split_feature=3 33 0 17 26 36
split_gain=0.0369281 0.101342 0.192103 0.336545 0.0718397 0.106263
threshold=1.0000000180025095e-35 1.0000000180025095e-35 1.0000000180025095e-35 1.0000000180025095e-35 1.0000000180025095e-35 1.0000000180025095e-35
decision_type=2 2 2 2 2 2
left_child=1 2 3 -1 5 -2
right_child=4 -3 -4 -5 -6 -7
leaf_value=0.18842149743504039 -0.022927219650063922 -0.2146197879785276 -0.014756381382045786 -0.33104888929789023 -0.1552189033803649 0.31554208417563245
leaf_weight=8.8316587339195429 17.982925952278045 0.93290717503987153 17.081032756156674 0.57919220387702885 2.8434891716315169 0.43280521686756301
leaf_count=177 376 14 215 40 50 23
internal_value=0 0.0148612 0.0313398 0.130699 -0.0316281 -0.00151392
internal_weight=0 27.4248 26.4919 9.41085 21.2592 18.4157
internal_count=895 446 432 217 449 399
is_linear=0
shrinkage=0.862096


Tree=79
num_leaves=7
num_cat=0
split_feature=29 35 16 27 16 0
split_gain=0.0185459 0.167648 0.126073 0.0872916 0.0420358 0.0372731
threshold=1.0000000180025095e-35 1.0000000180025095e-35 1.0000000180025095e-35 1.0000000180025095e-35 1.0000000180025095e-35 1.0000000180025095e-35
decision_type=2 2 2 2 2 2
left_child=4 2 3 -2 -1 -6
right_child=1 -3 -4 -5 5 -7
leaf_value=0.0083797336856239052 -0.35893752912861038 0.17860532669438195 0 0 -0.12012466468118761 0
leaf_weight=38.51736819222333 1.8358077233074257 0.64400814211694513 0.64055179548449803 0.21330451715039078 3.6315726759034979 2.8566785831712878
leaf_count=591 26 12 11 5 122 128
internal_value=0 -0.0675176 -0.194729 -0.298189 0 -0.0649861
internal_weight=0 3.33367 2.68966 2.04911 45.0056 6.48825
internal_count=895 54 42 31 841 250
is_linear=0
shrinkage=0.862096


Tree=80
num_leaves=5
num_cat=0
split_feature=19 23 31 25
split_gain=0.0244694 0.0250478 0.00662756 0.00641168
threshold=1.0000000180025095e-35 1.0000000180025095e-35 1.0000000180025095e-35 1.0000000180025095e-35
decision_type=2 2 2 2
left_child=1 -1 -3 -2
right_child=3 2 -4 -5
leaf_value=-0.025655429879139418 0.0067849466637473262 0.02660148763279924 0 0.14048619156012684
leaf_weight=27.577962815876162 7.697492201991734 11.29281025541604 0.78254382786690335 0.72970427008112881
leaf_count=385 281 186 13 30
internal_value=0 -0.00861538 0.0162356 0.0418503
internal_weight=0 39.6533 12.0754 8.4272
internal_count=895 584 199 311
is_linear=0
shrinkage=0.862096


Tree=81
num_leaves=7
num_cat=0
split_feature=4 3 12 38 22 3
split_gain=0.0174202 0.110106 0.230281 0.101222 0.0895177 0.0630434
threshold=1.0000000180025095e-35 0.25483232216142016 1.0000000180025095e-35 1.0000000180025095e-35 1.0000000180025095e-35 -0.30502435099608466
decision_type=2 2 2 2 2 2
left_child=1 4 3 -3 5 -1
right_child=-2 2 -4 -5 -6 -7
leaf_value=0 0.013169811691043656 0.46026377925546885 -0.11041354367117374 0 0.17441718430504449 -0.17159498659490804
leaf_weight=3.4324500407510614 37.789680474757006 1.0100480126129685 0.58887478215183353 0.14404104252753303 0.24471432597783938 4.9026475727105199
leaf_count=58 700 39 35 4 9 50
internal_value=0 -0.0246775 0.130195 0.370541 -0.07832 -0.110651
internal_weight=0 10.3228 1.74296 1.15409 8.57981 8.3351
internal_count=895 195 78 43 117 108
is_linear=0
shrinkage=0.862096


Tree=82
num_leaves=7
num_cat=0
split_feature=3 0 16 17 30 19
split_gain=0.0109704 0.0522544 0.0790049 0.0847725 0.0284896 0.0261198
threshold=-0.54470181452037869 1.0000000180025095e-35 1.0000000180025095e-35 1.0000000180025095e-35 1.0000000180025095e-35 1.0000000180025095e-35
decision_type=2 2 2 2 2 2
left_child=1 2 3 -1 -3 -2
right_child=5 4 -4 -5 -6 -7
leaf_value=-0.35521552585148375 0 0.081841879606633791 0 0 -0.061730631572935478 0.060009970029614973
leaf_weight=1.0475679484361524 36.858641918386638 2.3176774851672239 0.78767320402630492 0.10464546614093695 0.75322709493048012 6.0114998130475206
leaf_count=54 487 48 37 6 18 245
internal_value=0 -0.0307725 -0.14101 -0.269046 0 0.0085978
internal_weight=0 5.01079 1.93989 1.15221 3.0709 42.8701
internal_count=895 163 97 60 66 732
is_linear=0
shrinkage=0.862096


Tree=83
num_leaves=7
num_cat=0
split_feature=16 15 21 21 15 5
split_gain=0.0181293 0.119548 0.0459575 0.0419864 0.114323 0.0994516
threshold=1.0000000180025095e-35 1.0000000180025095e-35 1.0000000180025095e-35 1.0000000180025095e-35 1.0000000180025095e-35 1.0000000180025095e-35
decision_type=2 2 2 2 2 2
left_child=3 -2 -3 4 -1 -6
right_child=1 2 -4 -5 5 -7
leaf_value=0.0021500573121904683 0.0068209987016109187 -0.25025578136197324 0 -0.13954745840436 0.32346933862706595 0
leaf_weight=38.281946571411027 4.9250325261145909 1.8591175035971903 0.18314961942633079 0.88702143746195261 1.3671581497819705 0.39726826199330378
leaf_count=562 122 132 9 13 43 14
internal_value=0 -0.0376172 -0.206999 0.00886884 0.0172689 0.218438
internal_weight=0 6.9673 2.04227 40.9334 40.0464 1.76443
internal_count=895 263 141 632 619 57
is_linear=0
shrinkage=0.862096


Tree=84
num_leaves=7
num_cat=0
split_feature=30 3 3 14 3 3
split_gain=0.00377032 0.0442467 0.0880305 0.0857072 0.0782684 0.0589203
threshold=1.0000000180025095e-35 0.62601158813104896 -1.0000000180025095e-35 1.0000000180025095e-35 -0.54470181452037869 1.0532320175751635
decision_type=2 2 2 2 2 2
left_child=-1 2 4 -4 -2 -3
right_child=1 5 3 -5 -6 -7
leaf_value=0.0069060849528361388 -0.060183289345918559 0.18008101113122288 -0.1538997641254925 0.017311911992441344 0.15138754683989347 0
leaf_weight=34.838083889868813 1.1814612037051113 1.454770639713387 5.9448918849657266 0.81671799007744983 2.2099982648082914 1.2243631422461476
leaf_count=688 33 32 60 12 42 28
internal_value=0 -0.00928036 -0.0460052 -0.109143 0.0321467 0.0637523
internal_weight=0 12.8322 10.1531 6.76161 3.39146 2.67913
internal_count=895 207 147 72 75 60
is_linear=0
shrinkage=0.862096


Tree=85
num_leaves=7
num_cat=0
split_feature=31 1 3 1 14 3
split_gain=0.0137117 0.230844 0.0654136 0.0583553 0.141894 0.109253
threshold=1.0000000180025095e-35 1.5000000000000002 1.0532320175751635 1.5000000000000002 1.0000000180025095e-35 1.0532320175751635
decision_type=2 2 2 2 2 2
left_child=3 -2 -3 4 5 -1
right_child=1 2 -4 -5 -6 -7
leaf_value=0.42916636625203619 -0.49831830871605604 0.26825504372465675 0 0 0 0
leaf_weight=0.99888639637629173 0.43422742001712322 0.49053096084889947 0.214789685793221 44.350817299355185 0.82641824061283831 0.30063285794676631
leaf_count=63 3 17 3 783 18 8
internal_value=0 -0.073839 0.0767691 0.00755384 0.138777 0.311228
internal_weight=0 1.13955 0.705321 46.4768 2.12594 1.29952
internal_count=895 23 20 872 89 71
is_linear=0
shrinkage=0.862096


Tree=86
num_leaves=7
num_cat=0
split_feature=17 4 16 4 11 11
split_gain=0.00898076 0.150336 0.179697 0.0557997 0.167714 0.0552707
threshold=1.0000000180025095e-35 1.5000000000000002 1.0000000180025095e-35 1.5000000000000002 1.0000000180025095e-35 1.0000000180025095e-35
decision_type=2 2 2 2 2 2
left_child=3 2 -2 4 -1 -5
right_child=1 -3 -4 5 -6 -7
leaf_value=0.087273144106299702 -0.35855499670766272 0.10586021410041804 0 -0.038189845327913294 -0.12387862588527296 0.062718193357624782
leaf_weight=14.660354007895878 1.5527667479327645 1.3336247286001706 0.60690475757291995 22.824961321196501 2.6537788961463766 3.670769961872792
leaf_count=212 31 88 43 355 63 103
internal_value=0 -0.0407986 -0.203183 0.00308568 0.0438584 -0.0173733
internal_weight=0 3.4933 2.15967 43.8099 17.3141 26.4957
internal_count=895 162 74 733 275 458
is_linear=0
shrinkage=0.862096


Tree=87
num_leaves=7
num_cat=0
split_feature=3 25 0 23 8 0
split_gain=0.00973744 0.0704081 0.133893 0.177933 0.131576 0.233686
threshold=1.0000000180025095e-35 1.0000000180025095e-35 1.0000000180025095e-35 1.0000000180025095e-35 1.0000000180025095e-35 1.0000000180025095e-35
decision_type=2 2 2 2 2 2
left_child=1 4 3 -3 5 -1
right_child=-2 2 -4 -5 -6 -7
leaf_value=0.16121117990139583 0.014970459937178968 0 0 -0.43593449452647887 -0.29937763345255225 -0.026156141647268819
leaf_weight=6.511792757639804 20.520997617351441 1.4077363179167142 1.7330057694643981 1.2427311731507871 0.68641428841419738 14.877800614478474
leaf_count=146 449 20 35 25 76 144
internal_value=0 -0.00982298 -0.108461 -0.22999 0.00320291 0.0243044
internal_weight=0 26.4595 4.38347 2.65047 22.076 21.3896
internal_count=895 446 80 45 366 290
is_linear=0
shrinkage=0.862096


Tree=88
num_leaves=7
num_cat=0
split_feature=23 24 3 24 3 4
split_gain=0.0353139 0.208441 0.237899 0.144463 1.30469 1.20491
threshold=1.0000000180025095e-35 1.0000000180025095e-35 1.0000000180025095e-35 1.0000000180025095e-35 -0.30502435099608466 2.5000000000000004
decision_type=2 2 2 2 2 2
left_child=3 -2 -3 -1 -5 -6
right_child=1 2 -4 4 5 -7
leaf_value=-0.043153461433811109 0.1317485856829386 -0.31344867536781146 0.024024449475192486 -0.32545162305770786 0.94657268721657883 -0.19193331715447204
leaf_weight=29.974541920816591 7.5650494924520881 1.8661448637985811 2.9881122586739366 1.9380661827453876 1.5887158637597161 0.63951024975904136
leaf_count=592 159 42 48 23 23 8
internal_value=0 0.0348341 -0.0819818 -0.0177623 0.118206 0.5659
internal_weight=0 12.4193 4.85426 34.1408 4.16629 2.22823
internal_count=895 249 90 646 54 31
is_linear=0
shrinkage=0.862096


Tree=89
num_leaves=7
num_cat=0
split_feature=0 15 16 15 4 4
split_gain=0.0322388 0.222823 0.187731 0.115181 0.106888 0.226908
threshold=1.0000000180025095e-35 1.0000000180025095e-35 1.0000000180025095e-35 1.0000000180025095e-35 1.5000000000000002 2.5000000000000004
decision_type=2 2 2 2 2 2
left_child=3 4 -3 -1 -2 -6
right_child=1 2 -4 -5 5 -7
leaf_value=-0.050289790165998639 0.11991925827515502 0 -0.4769615551795206 0.16569188624900585 -0.059991764021372206 0.20398329286782926
leaf_weight=19.485045518538303 9.6983487829493296 1.2962454742028051 0.84374406237975552 1.5129935726645261 10.162380313926404 2.8865866287087547
leaf_count=340 141 41 78 86 129 80
internal_value=0 0.0207385 -0.216391 -0.024862 0.0526676 0
internal_weight=0 24.8873 2.13999 20.998 22.7473 13.049
internal_count=895 469 119 426 350 209
is_linear=0
shrinkage=0.862096


Tree=90
num_leaves=7
num_cat=0
split_feature=36 26 4 3 4 4
split_gain=0.0430736 0.17746 0.0455086 0.117852 0.21904 0.110288
threshold=1.0000000180025095e-35 1.0000000180025095e-35 1.0000000180025095e-35 0.25483232216142016 1.5000000000000002 1.5000000000000002
decision_type=2 2 2 2 2 2
left_child=2 -2 -1 5 -5 -4
right_child=1 -3 3 4 -6 -7
leaf_value=-0.044250222545727254 0 -0.47106669079436631 0.15851489104686614 -0.25486375690958979 0.0073970522514975141 0.012798499874207971
leaf_weight=9.5175674877179954 0.38321145473946572 0.47249477355535419 5.9714684847035668 2.6156127534995885 7.5025811523300945 19.194952110719896
leaf_count=190 32 11 81 64 178 339
internal_value=0 -0.168086 0.00284259 0.0205637 -0.0487852 0.05535
internal_weight=0 0.855706 44.8022 35.2846 10.1182 25.1664
internal_count=895 43 852 662 242 420
is_linear=0
shrinkage=0.862096


Tree=91
num_leaves=7
num_cat=0
split_feature=23 4 9 6 24 4
split_gain=0.0184863 0.0408005 0.168604 0.0464353 0.0266772 0.128103
threshold=1.0000000180025095e-35 1.5000000000000002 1.0000000180025095e-35 1.0000000180025095e-35 1.0000000180025095e-35 2.5000000000000004
decision_type=2 2 2 2 2 2
left_child=1 2 3 -1 -3 -6
right_child=-2 4 -4 -5 5 -7
leaf_value=-0.088497890918909181 0.028244559700235736 0 0.35220319201731948 0.025666923424471511 0.23824386855003332 -0.06814948803783917
leaf_weight=14.336792120742752 11.956482915749801 16.124597092262096 0.36159445252269584 0.51467735403275661 1.7142998485942365 0.66521415911120119
leaf_count=234 249 367 4 9 22 10
internal_value=0 -0.0108356 -0.0459738 -0.0729114 0.00923298 0.0900216
internal_weight=0 33.7172 15.2131 14.8515 18.5041 2.37951
internal_count=895 646 247 243 399 32
is_linear=0
shrinkage=0.862096


Tree=92
num_leaves=7
num_cat=0
split_feature=1 25 26 21 30 3
split_gain=0.0203867 0.0801595 0.0489333 0.0478862 0.0334975 0.073426
threshold=1.5000000000000002 1.0000000180025095e-35 1.0000000180025095e-35 1.0000000180025095e-35 1.0000000180025095e-35 1.0000000180025095e-35
decision_type=2 2 2 2 2 2
left_child=1 2 3 -1 5 -2
right_child=4 -3 -4 -5 -6 -7
leaf_value=-0.27031510182334095 0 0.059684125153518432 0 0 -0.018870716755832222 0.088945772103803764
leaf_weight=1.6343493395625039 21.451296188352902 0.46055345444256079 0.084812482818961032 0.068806372582912334 11.995044066811714 10.005907982754477
leaf_count=70 327 18 2 2 192 284
internal_value=0 -0.0624431 -0.180394 -0.228971 0.0118626 0.0290021
internal_weight=0 2.24852 1.78797 1.70316 43.4522 31.4572
internal_count=895 92 74 72 803 611
is_linear=0
shrinkage=0.862096


Tree=93
num_leaves=7
num_cat=0
split_feature=3 24 25 19 11 4
split_gain=0.0240175 0.206246 0.447689 0.60167 0.0855851 0.182572
threshold=-0.30502435099608466 1.0000000180025095e-35 1.0000000180025095e-35 1.0000000180025095e-35 1.0000000180025095e-35 3.5000000000000004
decision_type=2 2 2 2 2 2
left_child=1 -1 3 -3 -2 -6
right_child=4 2 -4 -5 5 -7
leaf_value=0.096518046450999817 0.0056743307306838364 -0.63338467378230734 0.22201630356257221 0.24759660593285968 0 -0.27312751471964264
leaf_weight=10.844849693403829 26.20920144594675 1.6097088875249022 0.87087041423364997 0.33510808314531448 3.2981168354795036 2.4350107559878325
leaf_count=259 408 23 14 9 111 71
internal_value=0 0.0327287 -0.144942 -0.393143 -0.00954454 -0.104655
internal_weight=0 13.6605 2.81569 1.94482 31.9423 5.73313
internal_count=895 305 46 32 590 182
is_linear=0
shrinkage=0.862096


Tree=94
num_leaves=7
num_cat=0
split_feature=24 25 31 23 30 31
split_gain=0.0212924 0.102085 0.0804465 0.0461212 0.206215 0.0389618
threshold=1.0000000180025095e-35 1.0000000180025095e-35 1.0000000180025095e-35 1.0000000180025095e-35 1.0000000180025095e-35 1.0000000180025095e-35
decision_type=2 2 2 2 2 2
left_child=2 -2 3 -1 -5 -3
right_child=1 5 -4 4 -6 -7
leaf_value=-0.011806264730375368 0.13957282552425263 -0.084782152168874469 -0.26679950333523456 0.28659120318295711 -0.0011487495185317107 0.091354295141422376
leaf_weight=29.542211422140781 4.2923945948186866 3.5382904832722493 0.58030624627008265 1.9681564567372323 4.9100650987202243 0.2548847697325981
leaf_count=586 81 58 14 79 72 5
internal_value=0 0.0432399 -0.00304418 0 0.0649408 -0.0258531
internal_weight=0 8.08557 37.0007 36.4204 6.87822 3.79318
internal_count=895 144 751 737 151 63
is_linear=0
shrinkage=0.862096


Tree=95
num_leaves=7
num_cat=0
split_feature=4 3 3 3 3 35
split_gain=0.0182821 0.0455971 0.0381964 0.0398875 0.0312114 0.0630787
threshold=3.5000000000000004 -0.30502435099608466 1.0000000180025095e-35 1.0532320175751635 0.62601158813104896 1.0000000180025095e-35
decision_type=2 2 2 2 2 2
left_child=4 -2 -3 -4 5 -1
right_child=1 2 3 -5 -6 -7
leaf_value=-0.033503729025549447 0.23202313561506391 -0.13959316928034765 0.10114713846455414 -0.012171048863482034 0.048765584097143801 0.10586362841331762
leaf_weight=33.056968178714897 0.56934810434813687 0.73888029791760246 3.4832491632143956 0.67194709252180462 4.4144431395816346 1.8889315707028789
leaf_count=463 54 39 90 35 162 52
internal_value=0 0.0438246 0 0.0447131 -0.00807924 -0.0204021
internal_weight=0 5.46342 4.89408 4.1552 39.3603 34.9459
internal_count=895 218 164 125 677 515
is_linear=0
shrinkage=0.862096


Tree=96
num_leaves=7
num_cat=0
split_feature=33 3 3 3 15 4
split_gain=0.0168865 0.103476 0.114912 0.0888365 0.0368103 0.0810015
threshold=1.0000000180025095e-35 1.0000000180025095e-35 0.25483232216142016 -0.30502435099608466 1.0000000180025095e-35 1.5000000000000002
decision_type=2 2 2 2 2 2
left_child=4 3 -3 -2 -1 -6
right_child=1 2 -4 -5 5 -7
leaf_value=0.018829970232359397 0 0.41578582914933854 -0.031023365791845472 -0.41362461421987445 -0.20875422575833605 0
leaf_weight=39.870295463735147 0.25631115841679275 0.22444125407491811 0.66621995763853192 0.62787414342164882 1.4830445673796924 1.7335687880217845
leaf_count=665 9 4 14 5 80 118
internal_value=0 -0.0691717 0.00377205 -0.274647 0.00807402 -0.0676967
internal_weight=0 1.77485 0.890661 0.884185 43.0869 3.21661
internal_count=895 32 18 14 863 198
is_linear=0
shrinkage=0.862096


Tree=97
num_leaves=7
num_cat=0
split_feature=29 3 4 6 4 3
split_gain=0.0182607 0.0829278 0.0695601 0.0417459 0.0464523 0.0397608
threshold=1.0000000180025095e-35 -1.0000000180025095e-35 1.5000000000000002 1.0000000180025095e-35 2.5000000000000004 0.25483232216142016
decision_type=2 2 2 2 2 2
left_child=3 2 -2 -1 -5 -3
right_child=1 5 -4 4 -6 -7
leaf_value=0 0 -0.31995367040402073 0.29215291748483241 0.30139172976038048 0 0
leaf_weight=40.898986314607782 0.6243156541604552 0.74300187459448297 0.3523747328808895 0.46445289452731131 0.24321715476980899 1.2702903867175335
leaf_count=815 10 9 15 17 9 20
internal_value=0 -0.062975 0.0277138 0.00398456 0.18055 -0.179739
internal_weight=0 2.98998 0.97669 41.6067 0.70767 2.01329
internal_count=895 54 25 841 26 29
is_linear=0
shrinkage=0.862096


Tree=98
num_leaves=7
num_cat=0
split_feature=4 17 0 3 21 3
split_gain=0.00653374 0.0606097 0.0490601 0.0438315 0.0154121 0.0998528
threshold=1.0000000180025095e-35 1.0000000180025095e-35 1.0000000180025095e-35 1.0000000180025095e-35 1.0000000180025095e-35 0.25483232216142016
decision_type=2 2 2 2 2 2
left_child=1 2 -1 -4 -2 -6
right_child=4 -3 3 -5 5 -7
leaf_value=0 0 -0.18075170549230207 0.013300189449360723 0.28273773536682978 -0.32898130393099273 0
leaf_weight=4.2202578325941396 34.069735570787088 0.44995097631340364 3.8326286953761155 0.90455522267075128 0.54015795970917579 0.3447854571568314
leaf_count=69 685 44 44 38 6 9
internal_value=0 0.0188495 0.0522129 0.110979 -0.00634857 -0.105831
internal_weight=0 9.40739 8.95744 4.73718 34.9547 0.884943
internal_count=895 195 151 82 700 15
is_linear=0
shrinkage=0.862096


Tree=99
num_leaves=7
num_cat=0
split_feature=29 30 16 4 4 33
split_gain=0.0139305 0.0319111 0.0289515 0.0450479 0.0338211 0.0111363
threshold=1.0000000180025095e-35 1.0000000180025095e-35 1.0000000180025095e-35 3.5000000000000004 1.5000000000000002 1.0000000180025095e-35
decision_type=2 2 2 2 2 2
left_child=2 -2 3 5 -4 -1
right_child=1 -3 4 -5 -6 -7
leaf_value=0.0078567802100394709 0 -0.1453177181163241 0 0.10541351993510685 -0.10434001318670055 -0.067570468254524022
leaf_weight=30.999482482772692 1.4857868861208763 1.3383155026240274 2.4478443025441257 3.5040431354564125 3.2701048003641517 1.125579779210965
leaf_count=464 31 23 82 109 168 18
internal_value=0 -0.05727 0.00231566 0.0152941 -0.0472291 0
internal_weight=0 2.8241 41.3471 35.6291 5.71795 32.1251
internal_count=895 54 841 591 250 482
is_linear=0
shrinkage=0.862096


end of trees

feature_importances:
Age=92
Region=75
GenderCategory=35
ACE_Inhibitors_Final=27
Statins_Final=27
Heart_Disease_Final=25
Hypothyroid_Final=22
Atherosclerosis_Final=22
Diuretics_Final=20
Levothyroxine_Final=19
CCB_Final=19
Anemia_Final=19
RaceCategory=16
DM_Drugs=15
Eye_Disorder_Final=14
Glyburide_Final=13
Steroids_Final=13
Beta_Blockers_Final=12
PPI_Final=11
AnyLab=11
Kidney_Disease_Final=10
Anti_Coagulants_Final=9
Alzheimer_Final=8
Abnormal_Glucose_Final=8
A1C_Final=8
ARB_Final=7
GERD_Final=7
GlucoseTest_Final=7
Glimepiride_Final=5
Metformin_Final=5
Glipizide_Final=4
Anti_Platelets_Final=3
DMScreen_Final=3
Rosiglitazone_Final=2
Neuropathy_Final=2
EthnicityCategory=1
Pioglitazone_Final=1
FootUlcer_Final=1

parameters:
[boosting: gbdt]
[objective: binary]
[metric: auc]
[tree_learner: serial]
[device_type: cpu]
[data: ]
[valid: ]
[num_iterations: 100]
[learning_rate: 0.862096]
[num_leaves: 7]
[num_threads: 6]
[deterministic: 0]
[force_col_wise: 0]
[force_row_wise: 0]
[histogram_pool_size: -1]
[max_depth: 4]
[min_data_in_leaf: 3]
[min_sum_hessian_in_leaf: 0.001]
[bagging_fraction: 0.355667]
[pos_bagging_fraction: 1]
[neg_bagging_fraction: 1]
[bagging_freq: 0]
[bagging_seed: 3]
[feature_fraction: 0.711599]
[feature_fraction_bynode: 1]
[feature_fraction_seed: 2]
[extra_trees: 0]
[extra_seed: 6]
[early_stopping_round: 0]
[first_metric_only: 0]
[max_delta_step: 0]
[lambda_l1: 0.197261]
[lambda_l2: 0.264485]
[linear_lambda: 0]
[min_gain_to_split: 0]
[drop_rate: 0.1]
[max_drop: 50]
[skip_drop: 0.5]
[xgboost_dart_mode: 0]
[uniform_drop: 0]
[drop_seed: 4]
[top_rate: 0.2]
[other_rate: 0.1]
[min_data_per_group: 100]
[max_cat_threshold: 32]
[cat_l2: 10]
[cat_smooth: 10]
[max_cat_to_onehot: 4]
[top_k: 20]
[monotone_constraints: ]
[monotone_constraints_method: basic]
[monotone_penalty: 0]
[feature_contri: ]
[forcedsplits_filename: ]
[refit_decay_rate: 0.9]
[cegb_tradeoff: 1]
[cegb_penalty_split: 0]
[cegb_penalty_feature_lazy: ]
[cegb_penalty_feature_coupled: ]
[path_smooth: 0]
[interaction_constraints: ]
[verbosity: -1]
[saved_feature_importance_type: 0]
[linear_tree: 0]
[max_bin: 8]
[max_bin_by_feature: ]
[min_data_in_bin: 3]
[bin_construct_sample_cnt: 200000]
[data_random_seed: 1]
[is_enable_sparse: 1]
[enable_bundle: 1]
[use_missing: 1]
[zero_as_missing: 0]
[feature_pre_filter: 1]
[pre_partition: 0]
[two_round: 0]
[header: 0]
[label_column: ]
[weight_column: ]
[group_column: ]
[ignore_column: ]
[categorical_feature: ]
[forcedbins_filename: ]
[precise_float_parser: 0]
[parser_config_file: ]
[objective_seed: 5]
[num_class: 1]
[is_unbalance: 0]
[scale_pos_weight: 1]
[sigmoid: 1]
[boost_from_average: 1]
[reg_sqrt: 0]
[alpha: 0.9]
[fair_c: 1]
[poisson_max_delta_step: 0.7]
[tweedie_variance_power: 1.5]
[lambdarank_truncation_level: 30]
[lambdarank_norm: 1]
[label_gain: ]
[lambdarank_position_bias_regularization: 0]
[eval_at: ]
[multi_error_top_k: 1]
[auc_mu_weights: ]
[num_machines: 1]
[local_listen_port: 12400]
[time_out: 120]
[machine_list_filename: ]
[machines: ]
[gpu_platform_id: -1]
[gpu_device_id: -1]
[gpu_use_dp: 0]
[num_gpu: 1]

end of parameters

pandas_categorical:[]
