tree
version=v4
num_class=1
num_tree_per_iteration=1
label_index=0
max_feature_idx=38
objective=binary sigmoid:1
feature_names=GenderCategory RaceCategory EthnicityCategory Age Region Glipizide_Final Glimepiride_Final Glyburide_Final Metformin_Final Pioglitazone_Final Rosiglitazone_Final Beta_Blockers_Final ACE_Inhibitors_Final ARB_Final Diuretics_Final PPI_Final Levothyroxine_Final CCB_Final Vasodilators_Final Statins_Final Anti_Platelets_Final Anti_Coagulants_Final Steroids_Final Heart_Disease_Final Hypothyroid_Final Anemia_Final Kidney_Disease_Final GERD_Final Neuropathy_Final Eye_Disorder_Final Atherosclerosis_Final Alzheimer_Final FootUlcer_Final Abnormal_Glucose_Final DMScreen_Final A1C_Final GlucoseTest_Final DM_Drugs AnyLab
feature_infos=[0:1] [0:2] [0:1] [-3.7416999056905249:2.1680666300724725] [0:4] [0:1] [0:1] [0:1] [0:1] [0:1] [0:1] [0:1] [0:1] [0:1] [0:1] [0:1] [0:1] [0:1] [0:1] [0:1] [0:1] [0:1] [0:1] [0:1] [0:1] [0:1] [0:1] [0:1] [0:1] [0:1] [0:1] [0:1] [0:1] [0:1] none [0:1] [0:1] [0:1] [0:1]
tree_sizes=888 881 885 890 889 885 882 882 882 887 886 891 888 881 867 891 890 873 888 882 881 892 880 892 879 888 890 885 875 882 886 889 884 889 891 891 887 890 878 889 876 884 883 879 879 885 884 890 889 876 887 881 892 882 869 892 893 891 890 887 894 884 890 879 875 874 862 884 893 892 880 859 879 877 892 880 886 886 878 867 878 866 878 877 885 885 884 881 774 881 890 862 885 889 890 890 888 879 885 885

Tree=0
num_leaves=7
num_cat=0
split_feature=12 16 24 24 3 16
split_gain=198.344 27.0869 18.9089 14.0767 8.46429 4.39208
threshold=1.0000000180025095e-35 1.0000000180025095e-35 1.0000000180025095e-35 1.0000000180025095e-35 -1.0087445540476501 1.0000000180025095e-35
decision_type=2 2 2 2 2 2
left_child=1 3 4 -1 -2 -4
right_child=2 -3 5 -5 -6 -7
leaf_value=0.030264607178152967 -0.0042993421735802824 -0.0096661760904766213 0.043316423016974151 0.0069691205126500089 -0.037540523033664557 -0.0036756687455721587
leaf_weight=75.719174802303314 5.2557597756385794 15.237085253000258 1.8561233282089222 20.323218405246735 62.230753719806671 2.6278798878192902
leaf_count=393 20 55 11 87 157 10
internal_value=-1.236e-08 0.0205544 -0.0317516 0.0253865 -0.0350108 0.0161581
internal_weight=0 111.279 71.9705 96.0424 67.4865 4.484
internal_count=733 535 198 480 177 21
is_linear=0
shrinkage=1


Tree=1
num_leaves=7
num_cat=0
split_feature=16 17 3 7 38 14
split_gain=145.106 52.6057 16.086 14.7577 6.16039 3.68743
threshold=1.0000000180025095e-35 1.0000000180025095e-35 0.45103986630349335 1.0000000180025095e-35 1.0000000180025095e-35 1.0000000180025095e-35
decision_type=2 2 2 2 2 2
left_child=1 2 -1 4 -2 -3
right_child=3 5 -4 -5 -6 -7
leaf_value=0.015169028160124833 -0.02368982933992388 -0.008143243286918414 0.036244645649388042 -0.04485942346658009 0.0092886259840121964 -0.035066834942096316
leaf_weight=76.30923767387867 29.601704373955727 4.9170901179313633 31.355909660458565 26.876318603754044 3.6398664861917487 10.509102657437325
leaf_count=352 90 18 171 59 16 27
internal_value=0 0.0152848 0.0213846 -0.0312448 -0.019966 -0.0268595
internal_weight=0 123.091 107.665 60.1179 33.2416 15.4262
internal_count=733 568 523 165 106 45
is_linear=0
shrinkage=0.0245806


Tree=2
num_leaves=7
num_cat=0
split_feature=12 16 24 24 3 3
split_gain=182.424 24.2504 17.7993 13.4293 8.02096 4.10937
threshold=1.0000000180025095e-35 1.0000000180025095e-35 1.0000000180025095e-35 1.0000000180025095e-35 -1.0087445540476501 -0.38357255258329975
decision_type=2 2 2 2 2 2
left_child=1 3 4 -1 -2 -3
right_child=2 5 -4 -5 -6 -7
leaf_value=0.029053736792091899 -0.0037447632218804545 -0.023721994512483136 0.016005133759251174 0.0063025543679127768 -0.036099075067533092 0.0016758042531701189
leaf_weight=75.668269112706184 5.2543360441923133 6.3391766250133506 4.4820313006639472 20.318886533379555 62.16453543305397 8.8931273221969587
leaf_count=393 20 19 21 87 157 36
internal_value=0 0.0197136 -0.0304694 0.0242875 -0.0336349 -0.00887893
internal_weight=0 111.219 71.9009 95.9872 67.4189 15.2323
internal_count=733 535 198 480 177 55
is_linear=0
shrinkage=0.0245806


Tree=3
num_leaves=7
num_cat=0
split_feature=12 16 24 24 11 16
split_gain=173.766 23.1059 16.9833 12.7996 7.70922 4.10887
threshold=1.0000000180025095e-35 1.0000000180025095e-35 1.0000000180025095e-35 1.0000000180025095e-35 1.0000000180025095e-35 1.0000000180025095e-35
decision_type=2 2 2 2 2 2
left_child=1 3 4 -1 -2 -4
right_child=2 -3 5 -5 -6 -7
leaf_value=0.028368238654351115 -0.019789224199906981 -0.0086647184468809126 0.041920901908063364 0.0061496479754436549 -0.038476048574893056 -0.0035205720712765311
leaf_weight=75.597195744514465 20.652759075164795 15.229305773973463 1.8538763672113407 20.316928416490555 46.677975729107857 2.627626046538353
leaf_count=393 65 55 11 87 112 10
internal_value=0 0.0192435 -0.0297591 0.0237112 -0.0328552 0.0156293
internal_weight=0 111.143 71.8122 95.9141 67.3307 4.4815
internal_count=733 535 198 480 177 21
is_linear=0
shrinkage=0.0245806


Tree=4
num_leaves=7
num_cat=0
split_feature=16 14 7 23 23 23
split_gain=127.205 25.3078 13.5705 15.0115 12.8684 7.72088
threshold=1.0000000180025095e-35 1.0000000180025095e-35 1.0000000180025095e-35 1.0000000180025095e-35 1.0000000180025095e-35 1.0000000180025095e-35
decision_type=2 2 2 2 2 2
left_child=1 5 3 -2 -3 -1
right_child=2 4 -4 -5 -6 -7
leaf_value=0.025338449253435105 -0.026124554074325387 -0.016039691282439143 -0.042404665053226029 0.016719682613937178 0.023867019404225635 0.01044890815196318
leaf_weight=62.592334732413292 27.366972982883453 20.665466651320461 26.742046430706978 5.8038409799337378 6.1569094806909552 33.396751120686531
leaf_count=318 79 69 59 27 31 150
internal_value=0 0.0143199 -0.0293114 -0.0184951 -0.00667687 0.0202167
internal_weight=0 122.811 59.9129 33.1708 26.8224 95.9891
internal_count=733 568 165 106 100 468
is_linear=0
shrinkage=0.0245806


Tree=5
num_leaves=7
num_cat=0
split_feature=12 16 23 29 3 38
split_gain=160.582 20.8124 15.4397 11.5682 10.1205 8.38751
threshold=1.0000000180025095e-35 1.0000000180025095e-35 1.0000000180025095e-35 1.0000000180025095e-35 0.18556633500646666 1.0000000180025095e-35
decision_type=2 2 2 2 2 2
left_child=1 3 5 -1 -4 -2
right_child=2 -3 4 -5 -6 -7
leaf_value=0.025590427841651005 -0.035788685162395972 -0.0079847240053282833 0.02650392794584229 -0.0026576255747408472 -0.020255001593527198 0.004569273756157087
leaf_weight=86.202820330858231 56.989380717277527 15.214971885085104 4.3275106847286207 9.5197661966085416 7.12360979616642 3.1235023289918891
leaf_count=442 141 55 22 38 22 13
internal_value=0 0.0185068 -0.0286666 0.0227532 -0.00220924 -0.0336391
internal_weight=0 110.938 71.564 95.7226 11.4511 60.1129
internal_count=733 535 198 480 44 154
is_linear=0
shrinkage=0.0245806


Tree=6
num_leaves=7
num_cat=0
split_feature=17 7 3 23 15 3
split_gain=93.1812 36.8443 14.8408 5.46997 5.31961 3.51075
threshold=1.0000000180025095e-35 1.0000000180025095e-35 0.45103986630349335 1.0000000180025095e-35 1.0000000180025095e-35 0.18556633500646666
decision_type=2 2 2 2 2 2
left_child=1 2 -1 -2 -3 -5
right_child=3 4 -4 5 -6 -7
leaf_value=0.0082677130237568813 -0.038313963099558528 -0.0068551143644535835 0.026821024704041584 0.0044550237710809628 -0.034773370759123789 -0.028585585538968353
leaf_weight=88.297916412353516 31.315566346049309 7.3228841572999963 37.378506004810333 3.2964259088039389 10.550185412168503 4.0270609706640244
leaf_count=388 74 27 193 14 26 11
internal_value=0 0.00912464 0.0138391 -0.0337907 -0.023675 -0.0136142
internal_weight=0 143.549 125.676 38.6391 17.8731 7.32349
internal_count=733 634 581 99 53 25
is_linear=0
shrinkage=0.0245806


Tree=7
num_leaves=7
num_cat=0
split_feature=12 16 38 3 29 3
split_gain=149.171 19.5831 12.3504 11.7902 11.0573 6.68128
threshold=1.0000000180025095e-35 1.0000000180025095e-35 1.0000000180025095e-35 0.18556633500646666 1.0000000180025095e-35 -1.0087445540476501
decision_type=2 2 2 2 2 2
left_child=1 4 5 -4 -1 -2
right_child=2 -3 3 -5 -6 -7
leaf_value=0.02474772401170703 -0.0030270628411319758 -0.0078555777405094531 0.044390474651833212 -0.022225764647320977 -0.0028721645783396509 -0.033160439766456967
leaf_weight=85.986752033233643 5.0587757378816596 15.207983583211897 2.5252846479415885 3.7129444777965546 9.514753118157385 59.956889092922211
leaf_count=442 19 55 15 11 38 153
internal_value=0 0.01784 -0.0277047 0.00483004 0.0219675 -0.0308728
internal_weight=0 110.709 71.2539 6.23823 95.5015 65.0157
internal_count=733 535 198 26 480 172
is_linear=0
shrinkage=0.0245806


Tree=8
num_leaves=7
num_cat=0
split_feature=12 16 24 24 3 3
split_gain=142.294 18.6821 15.0518 12.2095 7.42098 3.94381
threshold=1.0000000180025095e-35 1.0000000180025095e-35 1.0000000180025095e-35 1.0000000180025095e-35 -1.0087445540476501 -0.38357255258329975
decision_type=2 2 2 2 2 2
left_child=1 3 4 -1 -2 -3
right_child=2 5 -4 -5 -6 -7
leaf_value=0.026034215766443602 -0.0013392472897638546 -0.022246514655400978 0.015634482877827885 0.0043225086947834912 -0.032444648287063955 0.0026662931209956867
leaf_weight=75.074043095111847 5.2265326827764502 6.3247468173503867 4.4682716578245154 20.258452177047729 61.343981876969337 8.878517344594
leaf_count=393 20 19 21 87 157 36
internal_value=0 0.0174286 -0.0271083 0.0214663 -0.0300537 -0.00766722
internal_weight=0 110.536 71.0388 95.3325 66.5705 15.2033
internal_count=733 535 198 480 177 55
is_linear=0
shrinkage=0.0245806


Tree=9
num_leaves=7
num_cat=0
split_feature=11 24 25 19 24 23
split_gain=78.0872 21.1902 11.9463 11.1746 13.9729 2.80432
threshold=1.0000000180025095e-35 1.0000000180025095e-35 1.0000000180025095e-35 1.0000000180025095e-35 1.0000000180025095e-35 1.0000000180025095e-35
decision_type=2 2 2 2 2 2
left_child=3 2 -2 4 -1 -5
right_child=1 -3 -4 5 -6 -7
leaf_value=0.020793452517769328 -0.028816727901609027 0.02711936372321332 0.00840333293531648 -0.0093591306547391399 -0.0016671638411278689 0.011209539190653078
leaf_weight=73.526390120387077 55.228320747613907 4.8321554511785498 5.5487124472856513 15.559487134218218 21.33454866707325 5.101738989353179
leaf_count=368 151 25 24 56 86 23
internal_value=0 -0.0213863 -0.0253589 0.0121519 0.0157202 -0.00409526
internal_weight=0 65.6092 60.777 115.522 94.8609 20.6612
internal_count=733 200 175 533 454 79
is_linear=0
shrinkage=0.0245806


Tree=10
num_leaves=7
num_cat=0
split_feature=12 24 26 14 4 3
split_gain=132.592 13.9144 12.2084 11.2568 10.2516 7.1404
threshold=1.0000000180025095e-35 1.0000000180025095e-35 1.0000000180025095e-35 1.0000000180025095e-35 3.5000000000000004 -1.0087445540476501
decision_type=2 2 2 2 2 2
left_child=2 5 3 -1 -4 -2
right_child=1 -3 4 -5 -6 -7
leaf_value=0.024154793369616949 -0.00092809845740561754 0.014831010803045427 0.0094127843918036212 0.00074405239050020719 -0.032351922930260783 -0.031463502284552476
leaf_weight=77.623453959822655 5.2165653705596915 4.4655205905437461 12.834969043731691 15.064730897545813 4.6839592456817618 60.943173348903656
leaf_count=402 20 21 58 62 13 157
internal_value=0 -0.0262578 0.0168353 0.0203881 -0.00182592 -0.0291061
internal_weight=0 70.6253 110.207 92.6882 17.5189 66.1597
internal_count=733 198 535 464 71 177
is_linear=0
shrinkage=0.0245806


Tree=11
num_leaves=7
num_cat=0
split_feature=12 16 23 26 16 17
split_gain=126.565 17.2349 13.7288 11.4121 6.08509 5.51938
threshold=1.0000000180025095e-35 1.0000000180025095e-35 1.0000000180025095e-35 1.0000000180025095e-35 1.0000000180025095e-35 1.0000000180025095e-35
decision_type=2 2 2 2 2 2
left_child=1 3 5 -1 -4 -2
right_child=2 -3 4 -5 -6 -7
leaf_value=0.023976312667237449 -0.023249222758646222 -0.0076441575487721748 0.019704117000765391 0.00015271041622585713 -0.016107109925693416 -0.039067696855407869
leaf_weight=80.238755509257317 32.63262777030468 15.197042539715765 4.7862798273563367 14.583095997571943 6.5607324093580246 26.36675201356411
leaf_count=419 95 55 23 61 21 59
internal_value=0 0.0164508 -0.0257163 0.0203484 -0.00069221 -0.0304658
internal_weight=0 110.019 70.3464 94.8219 11.347 58.9994
internal_count=733 535 198 480 44 154
is_linear=0
shrinkage=0.0245806


Tree=12
num_leaves=7
num_cat=0
split_feature=12 16 23 24 3 17
split_gain=120.874 16.458 13.1814 10.9776 9.03241 5.36552
threshold=1.0000000180025095e-35 1.0000000180025095e-35 1.0000000180025095e-35 1.0000000180025095e-35 0.18556633500646666 1.0000000180025095e-35
decision_type=2 2 2 2 2 2
left_child=1 3 5 -1 -4 -2
right_child=2 -3 4 -5 -6 -7
leaf_value=0.024262233371785721 -0.022750744282484945 -0.0074610575280888713 0.026476358884597241 0.0036374980770294348 -0.017901599834187112 -0.038386998066590648
leaf_weight=74.376456215977669 32.533267587423325 15.19194622337818 4.3024884909391385 20.214887484908104 7.0350449532270432 26.180325791239738
leaf_count=393 95 55 22 87 22 59
internal_value=0 0.0160821 -0.0251961 0.0198991 -0.000668776 -0.0298691
internal_weight=0 109.783 70.0511 94.5913 11.3375 58.7136
internal_count=733 535 198 480 44 154
is_linear=0
shrinkage=0.0245806


Tree=13
num_leaves=7
num_cat=0
split_feature=16 3 14 37 25 3
split_gain=92.2979 22.1485 20.686 15.9637 6.18902 1.30462
threshold=1.0000000180025095e-35 0.45103986630349335 1.0000000180025095e-35 1.0000000180025095e-35 1.0000000180025095e-35 0.69062499613172312
decision_type=2 2 2 2 2 2
left_child=1 2 -1 5 -3 -2
right_child=3 4 -4 -5 -6 -7
leaf_value=0.012683771118556389 -0.00086319736470495039 0.035685881731072955 -0.01466234526071011 -0.034142605192757552 0.010534906320915301 -0.014334875106946978
leaf_weight=65.698117405176163 11.406894013285639 24.494748637080193 22.146774843335152 39.67156209051609 8.4822830557823163 7.3581889867782584
leaf_count=312 44 141 75 97 40 24
internal_value=0 0.0122558 0.00574217 -0.0253221 0.0293945 -0.0063782
internal_weight=0 120.822 87.8449 58.4366 32.977 18.7651
internal_count=733 568 387 165 181 68
is_linear=0
shrinkage=0.0245806


Tree=14
num_leaves=7
num_cat=0
split_feature=12 16 24 26 3 3
split_gain=111.769 14.9196 12.7884 10.6824 6.97867 4.00134
threshold=1.0000000180025095e-35 1.0000000180025095e-35 1.0000000180025095e-35 1.0000000180025095e-35 -1.0087445540476501 -0.38357255258329975
decision_type=2 2 2 2 2 2
left_child=1 3 4 -1 -2 -3
right_child=2 5 -4 -5 -6 -7
leaf_value=0.022660383162427158 0 -0.021652761480069789 0.015038656331672232 -5.6975203586369052e-05 -0.029487129081346309 0.0034773904552205443
leaf_weight=79.575631588697433 5.1694761067628852 6.3134447783231726 4.4552037417888632 14.549741536378859 59.841999426484108 8.8591219335794431
leaf_count=419 20 19 21 61 157 36
internal_value=0 0.0154779 -0.0243507 0.019127 -0.0271271 -0.00694051
internal_weight=0 109.298 69.4667 94.1254 65.0115 15.1726
internal_count=733 535 198 480 177 55
is_linear=0
shrinkage=0.0245806


Tree=15
num_leaves=7
num_cat=0
split_feature=12 16 24 24 30 16
split_gain=106.775 14.2528 12.2595 10.403 6.10831 3.49873
threshold=1.0000000180025095e-35 1.0000000180025095e-35 1.0000000180025095e-35 1.0000000180025095e-35 1.0000000180025095e-35 1.0000000180025095e-35
decision_type=2 2 2 2 2 2
left_child=1 3 4 -1 -2 -4
right_child=2 -3 5 -5 -6 -7
leaf_value=0.022987812835589934 -0.029065431040221738 -0.006774463928428418 0.039102751236978268 0.0028774289254763987 -0.0028607321110473744 -0.0029141852036031848
leaf_weight=73.696758821606636 58.451611146330833 15.165176168084143 1.8339890986680973 20.159363657236099 6.2197901308536521 2.6192652136087418
leaf_count=393 154 55 11 87 23 10
internal_value=0 0.015136 -0.0238706 0.0187114 -0.0266025 0.0146902
internal_weight=0 109.021 69.1247 93.8561 64.6714 4.45325
internal_count=733 535 198 480 177 21
is_linear=0
shrinkage=0.0245806


Tree=16
num_leaves=7
num_cat=0
split_feature=16 37 11 26 26 23
split_gain=81.8851 15.1617 10.2161 9.2192 8.2915 3.62467
threshold=1.0000000180025095e-35 1.0000000180025095e-35 1.0000000180025095e-35 1.0000000180025095e-35 1.0000000180025095e-35 1.0000000180025095e-35
decision_type=2 2 2 2 2 2
left_child=2 -2 4 -4 -1 -3
right_child=1 5 3 -5 -6 -7
leaf_value=0.018071629228524847 -0.0055631011036019829 -0.035937899245205962 -0.0081723885054913355 0.041469606583575555 -0.0022708408010747058 -0.013507221668471393
leaf_weight=82.450303643941879 18.672581911087036 33.163193851709366 21.174493283033375 2.3326907008886328 13.867727831006048 5.8341159820556632
leaf_count=419 68 78 78 14 57 19
internal_value=0 -0.0240286 0.0115715 -0.00284216 0.015116 -0.0327321
internal_weight=0 57.6699 119.825 23.5072 96.318 38.9973
internal_count=733 165 568 92 476 97
is_linear=0
shrinkage=0.0245806


Tree=17
num_leaves=7
num_cat=0
split_feature=12 23 7 3 3 38
split_gain=99.2188 11.9724 12.4196 11.1936 9.85858 7.35102
threshold=1.0000000180025095e-35 1.0000000180025095e-35 1.0000000180025095e-35 0.45103986630349335 -1.0087445540476501 1.0000000180025095e-35
decision_type=2 2 2 2 2 2
left_child=3 5 -3 4 -1 -2
right_child=1 2 -4 -5 -6 -7
leaf_value=0.028714007530117894 -0.02977409032573243 0.024867064165594362 -0.026026807533816015 0.026254234453963972 0.0049821581808508304 0.0082894749607002691
leaf_weight=12.743177592754362 54.206999227404594 5.7609788179397565 5.4591052085161209 34.203903719782829 61.548850819468498 3.0561859756708136
leaf_count=70 141 29 15 187 278 13
internal_value=0 -0.0231393 0 0.0146041 0.00915136 -0.0276751
internal_weight=0 68.4833 11.2201 108.496 74.292 57.2632
internal_count=733 198 44 535 348 154
is_linear=0
shrinkage=0.0245806


Tree=18
num_leaves=7
num_cat=0
split_feature=16 17 37 3 17 23
split_gain=76.3231 32.7572 14.2304 12.3828 4.91536 3.47898
threshold=1.0000000180025095e-35 1.0000000180025095e-35 1.0000000180025095e-35 0.45103986630349335 1.0000000180025095e-35 1.0000000180025095e-35
decision_type=2 2 2 2 2 2
left_child=1 3 4 -1 -2 -4
right_child=2 -3 5 -5 -6 -7
leaf_value=0.010546433168935406 0.0021266067158781476 -0.022850347098197461 -0.035028593621042249 0.029341361804650742 -0.025758770120792113 -0.012978217019278437
leaf_weight=74.378160491585732 13.597179844975473 14.738935947418211 32.672775268554688 30.144209489226341 5.0360810458660117 5.8011179417371741
leaf_count=352 54 45 78 171 14 19
internal_value=0 0.0111789 -0.0233309 0.0160357 -0.00544845 -0.0318531
internal_weight=0 119.261 57.1072 104.522 18.6333 38.4739
internal_count=733 568 165 523 68 97
is_linear=0
shrinkage=0.0245806


Tree=19
num_leaves=7
num_cat=0
split_feature=12 16 23 7 23 38
split_gain=91.7807 12.3562 11.3386 11.8335 10.3068 7.04503
threshold=1.0000000180025095e-35 1.0000000180025095e-35 1.0000000180025095e-35 1.0000000180025095e-35 1.0000000180025095e-35 1.0000000180025095e-35
decision_type=2 2 2 2 2 2
left_child=1 4 5 -4 -1 -2
right_child=2 -3 3 -5 -6 -7
leaf_value=0.023628738484205686 -0.028936285003287404 -0.006346862675060615 0.024367704351457808 -0.025391730814349561 0.0064574896473257645 0.0083590251065151031
leaf_weight=58.943939134478569 53.525539696216583 15.136582568287848 5.7608031332492811 5.4228696674108505 33.922067031264305 3.0492836236953726
leaf_count=322 141 55 29 15 158 13
internal_value=0 0.0140513 -0.0224002 0 0.0174112 -0.0268575
internal_weight=0 108.003 67.7585 11.1837 92.866 56.5748
internal_count=733 535 198 44 480 154
is_linear=0
shrinkage=0.0245806


Tree=20
num_leaves=7
num_cat=0
split_feature=16 17 3 7 23 0
split_gain=70.3896 30.4896 11.8775 9.98916 11.3688 2.04093
threshold=1.0000000180025095e-35 1.0000000180025095e-35 0.45103986630349335 1.0000000180025095e-35 1.0000000180025095e-35 1.0000000180025095e-35
decision_type=2 2 2 2 2 2
left_child=1 2 -1 4 -2 -3
right_child=3 5 -4 -5 -6 -7
leaf_value=0.010063886536395731 -0.020161875610762568 -0.030946168996219398 0.028540327858868366 -0.034409287306481989 0.017286373015396664 -0.01129062472341053
leaf_weight=74.062886521220207 26.226664155721664 7.796336501836775 29.871344923973083 24.472515136003494 5.7837913036346427 6.8287716656923294
leaf_count=352 79 21 171 59 27 24
internal_value=0 0.0107467 0.015442 -0.0225493 -0.0132501 -0.0222109
internal_weight=0 118.559 103.934 56.483 32.0105 14.6251
internal_count=733 568 523 165 106 45
is_linear=0
shrinkage=0.0245806


Tree=21
num_leaves=7
num_cat=0
split_feature=11 24 37 24 14 26
split_gain=48.1567 16.5045 10.9414 8.38091 15.0946 11.0885
threshold=1.0000000180025095e-35 1.0000000180025095e-35 1.0000000180025095e-35 1.0000000180025095e-35 1.0000000180025095e-35 1.0000000180025095e-35
decision_type=2 2 2 2 2 2
left_child=3 2 -2 4 -1 -5
right_child=1 -3 -4 5 -6 -7
leaf_value=0.017989803793843028 -0.0062721157520361321 0.025577365102077605 -0.028954412201329625 0.0092126400188536038 -0.0074841760021960111 -0.025765894551401183
leaf_weight=71.7948027998209 20.318654552102089 4.7819632440805426 37.099205136299133 14.813353896141052 17.184688910841942 8.402276873588562
leaf_count=373 76 25 99 69 65 26
internal_value=0 -0.0173292 -0.0210214 0.00960196 0.0130343 -0.00343666
internal_weight=0 62.1998 57.4179 112.195 88.9795 23.2156
internal_count=733 200 175 533 438 95
is_linear=0
shrinkage=0.0245806


Tree=22
num_leaves=7
num_cat=0
split_feature=17 7 3 3 23 15
split_gain=58.9426 21.1845 11.8732 7.86261 3.44478 6.40635
threshold=1.0000000180025095e-35 1.0000000180025095e-35 -1.0087445540476501 -1.0087445540476501 1.0000000180025095e-35 1.0000000180025095e-35
decision_type=2 2 2 2 2 2
left_child=1 2 -1 -3 -2 -6
right_child=4 3 -4 -5 5 -7
leaf_value=0.034347645385251223 -0.031862104202172267 0.023674069526882245 0.0083029234518205604 -0.025004253195212635 0.021923306886817612 -0.026898317616332507
leaf_weight=11.660410627722738 28.722619205713272 2.1118577718734768 109.68104791641235 14.567892357707022 2.1428862959146491 4.9986490309238434
leaf_count=68 74 11 513 42 11 14
internal_value=0 0.00728889 0.0108772 -0.0184855 -0.0280029 -0.0116934
internal_weight=0 138.021 121.341 16.6798 35.8642 7.14154
internal_count=733 634 581 53 99 25
is_linear=0
shrinkage=0.0245806


Tree=23
num_leaves=7
num_cat=0
split_feature=12 16 24 29 30 16
split_gain=81.0622 10.7495 10.2876 9.96119 5.26019 3.068
threshold=1.0000000180025095e-35 1.0000000180025095e-35 1.0000000180025095e-35 1.0000000180025095e-35 1.0000000180025095e-35 1.0000000180025095e-35
decision_type=2 2 2 2 2 2
left_child=1 3 4 -1 -2 -4
right_child=2 -3 5 -5 -6 -7
leaf_value=0.019102477629875013 -0.026277011328840267 -0.0058172902853180341 0.03717486060804847 -0.0073928799582184653 -0.0017381724113864135 -0.0023407766209301399
leaf_weight=82.599899783730507 55.867902398109436 15.088727012276648 1.8048204332590092 9.3083403408527357 6.1200232207775107 2.6005362868309021
leaf_count=442 154 55 11 38 23 10
internal_value=0 0.0132199 -0.0213137 0.0163801 -0.0239104 0.0141187
internal_weight=0 106.997 66.3933 91.9082 61.9879 4.40536
internal_count=733 535 198 480 177 21
is_linear=0
shrinkage=0.0245806


Tree=24
num_leaves=7
num_cat=0
split_feature=12 23 3 3 3 17
split_gain=77.5273 10.4049 10.306 9.14123 7.92857 4.55506
threshold=1.0000000180025095e-35 1.0000000180025095e-35 0.45103986630349335 -1.0087445540476501 0.18556633500646666 1.0000000180025095e-35
decision_type=2 2 2 2 2 2
left_child=2 5 3 -1 -3 -2
right_child=1 4 -4 -5 -6 -7
leaf_value=0.026733036108018488 -0.018664100237818511 0.026639556239174356 0.024268491555979061 0.0036745297988544389 -0.015432700809813822 -0.033532860290284967
leaf_weight=12.474027991294859 31.011092722415924 4.2249097228050214 33.35032220184803 60.849418640136719 6.7955138236284256 23.942004710435867
leaf_count=70 95 22 187 278 22 59
internal_value=0 -0.0209241 0.0129336 0.00769245 0.000631644 -0.0252834
internal_weight=0 65.9735 106.674 73.3234 11.0204 54.9531
internal_count=733 198 535 348 44 154
is_linear=0
shrinkage=0.0245806


Tree=25
num_leaves=7
num_cat=0
split_feature=16 3 14 37 25 30
split_gain=60.3122 17.2121 14.4106 12.1871 6.11836 2.55493
threshold=1.0000000180025095e-35 0.45103986630349335 1.0000000180025095e-35 1.0000000180025095e-35 1.0000000180025095e-35 1.0000000180025095e-35
decision_type=2 2 2 2 2 2
left_child=1 2 -1 -2 -3 -5
right_child=3 4 -4 5 -6 -7
leaf_value=0.010026803934627871 -0.0046579325016408669 0.031873423588901349 -0.013196463235987633 -0.031504736989287525 0.006577623995277752 -0.0076861075208838735
leaf_weight=64.083352014422417 18.45481176674366 23.324013859033585 21.30793984234333 33.138221129775047 8.1958651542663592 3.4548775404691687
leaf_count=312 68 141 75 85 40 12
internal_value=0 0.00997466 0.00418398 -0.0211851 0.0254592 -0.0293802
internal_weight=0 116.911 85.3913 55.0479 31.5199 36.5931
internal_count=733 568 387 165 181 97
is_linear=0
shrinkage=0.0245806


Tree=26
num_leaves=7
num_cat=0
split_feature=12 24 14 23 26 3
split_gain=71.8837 10.2341 13.8792 9.96638 9.24356 7.54767
threshold=1.0000000180025095e-35 1.0000000180025095e-35 1.0000000180025095e-35 1.0000000180025095e-35 1.0000000180025095e-35 0.18556633500646666
decision_type=2 2 2 2 2 2
left_child=1 2 -1 -2 -3 -5
right_child=3 4 -4 5 -6 -7
leaf_value=0.021570517066032906 -0.024611202669711424 0.0094591197556198863 -0.0033721387532698642 0.026175308437774499 -0.022538013492702826 -0.014928402568254725
leaf_weight=66.023415386676788 54.201466277241707 15.207689300179482 16.640427008271217 4.2222398668527585 8.2391930520534515 6.7500160932540894
leaf_count=368 154 72 68 22 27 22
internal_value=0 0.0124598 0.0165206 -0.0202982 -0.00176006 0.000820962
internal_weight=0 106.111 82.6638 65.1737 23.4469 10.9723
internal_count=733 535 436 198 99 44
is_linear=0
shrinkage=0.0245806


Tree=27
num_leaves=7
num_cat=0
split_feature=12 24 4 17 23 38
split_gain=68.7631 9.80025 13.7151 10.6642 9.6005 6.69678
threshold=1.0000000180025095e-35 1.0000000180025095e-35 2.5000000000000004 1.0000000180025095e-35 1.0000000180025095e-35 1.0000000180025095e-35
decision_type=2 2 2 2 2 2
left_child=1 3 -3 -1 5 -2
right_child=4 2 -4 -5 -6 -7
leaf_value=0.018695877998988263 -0.026307311142820013 0.010110895868617275 -0.030954158019218029 -0.014546490140780435 0.00080055609646056773 0.010370917133703495
leaf_weight=76.254371643066406 50.808908835053444 16.712181776762012 6.7300929874181739 6.0836765468120566 10.953577965497969 2.9906765073537818
leaf_count=414 141 79 20 22 44 13
internal_value=0 0.0121919 -0.00171662 0.0161794 -0.0199303 -0.0241893
internal_weight=0 105.78 23.4423 82.338 64.7532 53.7996
internal_count=733 535 99 436 198 154
is_linear=0
shrinkage=0.0245806


Tree=28
num_leaves=7
num_cat=0
split_feature=12 3 24 3 3 0
split_gain=65.7645 9.55538 9.3541 8.78127 7.04122 5.44991
threshold=1.0000000180025095e-35 0.45103986630349335 1.0000000180025095e-35 -1.0087445540476501 -1.0087445540476501 1.0000000180025095e-35
decision_type=2 2 2 2 2 2
left_child=1 3 4 -1 -2 -3
right_child=2 5 -4 -5 -6 -7
leaf_value=0.025662974580754467 0.0055153769350487465 0.012239917453850844 0.014278106471785344 0.0029367991378020609 -0.024633773245199029 0.032845622648429378
leaf_weight=12.310261011123655 4.8892380297183982 16.052604869008064 4.3740190118551245 60.421762764453888 55.065723463892937 16.693835914134979
leaf_count=70 20 83 21 278 157 104
internal_value=0 0.0119256 -0.0195694 0.00687666 -0.0221206 0.0229542
internal_weight=0 105.478 64.329 72.732 59.955 32.7464
internal_count=733 535 198 348 177 187
is_linear=0
shrinkage=0.0245806


Tree=29
num_leaves=7
num_cat=0
split_feature=12 3 23 7 3 38
split_gain=62.9197 9.19834 9.18711 9.99237 8.42202 6.46623
threshold=1.0000000180025095e-35 0.45103986630349335 1.0000000180025095e-35 1.0000000180025095e-35 -1.0087445540476501 1.0000000180025095e-35
decision_type=2 2 2 2 2 2
left_child=1 4 5 -4 -1 -2
right_child=2 -3 3 -5 -6 -7
leaf_value=0.025172380949273775 -0.025547844178002342 0.022528889479804731 0.023399332728211042 -0.022870282213440094 0.0028661741811839051 0.010536490073219646
leaf_weight=12.246150210499762 50.002357423305511 32.55843061208725 5.7084992527961713 5.2066390216350555 60.393795475363731 2.9828674346208564
leaf_count=70 141 187 29 15 278 13
internal_value=0 0.0116693 -0.0192163 0.00107116 0.00671912 -0.0234355
internal_weight=0 105.198 63.9004 10.9151 72.6399 52.9852
internal_count=733 535 198 44 348 154
is_linear=0
shrinkage=0.0245806


Tree=30
num_leaves=7
num_cat=0
split_feature=12 24 14 4 23 7
split_gain=60.2203 9.28114 13.4537 13.0069 8.84735 9.55046
threshold=1.0000000180025095e-35 1.0000000180025095e-35 1.0000000180025095e-35 2.5000000000000004 1.0000000180025095e-35 1.0000000180025095e-35
decision_type=2 2 2 2 2 2
left_child=1 2 -1 -3 -2 -6
right_child=4 3 -4 -5 5 -7
leaf_value=0.020366058505817592 -0.023049188929111036 0.0094367603538755458 -0.0042625905639903658 -0.030563222389726013 0.022851866923122056 -0.022451623579536256
leaf_weight=64.967195510864258 52.553571090102196 16.640819564461712 16.582413136959076 6.7347262799739829 5.7061101943254453 5.1772312521934509
leaf_count=368 154 79 68 20 29 15
internal_value=0 0.0114162 0.0153267 -0.0021248 -0.0188828 0.00104136
internal_weight=0 104.925 81.5496 23.3755 63.4369 10.8833
internal_count=733 535 436 99 198 44
is_linear=0
shrinkage=0.0245806


Tree=31
num_leaves=7
num_cat=0
split_feature=16 17 37 3 17 23
split_gain=51.112 22.9506 10.7664 9.71713 4.38873 3.11396
threshold=1.0000000180025095e-35 1.0000000180025095e-35 1.0000000180025095e-35 0.45103986630349335 1.0000000180025095e-35 1.0000000180025095e-35
decision_type=2 2 2 2 2 2
left_child=1 3 4 -1 -2 -4
right_child=2 -3 5 -5 -6 -7
leaf_value=0.0084715018139973741 0.0028182999667813835 -0.020119777047184637 -0.031073743340075857 0.025561414124879691 -0.023936633498184364 -0.0097570061412309787
leaf_weight=72.170379683375359 13.380426555871965 13.880047202110289 29.418181255459785 28.344649001955986 4.8545937091112128 5.5251428782939902
leaf_count=352 54 45 78 171 14 19
internal_value=0 0.00924459 -0.0198793 0.0133563 -0.00432933 -0.0278504
internal_weight=0 114.395 53.1783 100.515 18.235 34.9433
internal_count=733 568 165 523 68 97
is_linear=0
shrinkage=0.0245806


Tree=32
num_leaves=7
num_cat=0
split_feature=12 24 4 17 24 3
split_gain=55.7575 8.98342 12.4119 9.68517 8.48141 6.92348
threshold=1.0000000180025095e-35 1.0000000180025095e-35 2.5000000000000004 1.0000000180025095e-35 1.0000000180025095e-35 -1.0087445540476501
decision_type=2 2 2 2 2 2
left_child=1 3 -3 -1 5 -2
right_child=4 2 -4 -5 -6 -7
leaf_value=0.017304689713885959 0.0067637526820182895 0.0089951269602117322 -0.030079970017747773 -0.014413766495687359 0.013972325258196186 -0.023360715123708724
leaf_weight=74.855911105871201 4.8141761720180503 16.586357265710834 6.7417364865541449 6.0719427764415732 4.3440253883600226 53.433050781488419
leaf_count=414 20 79 20 22 21 157
internal_value=0 0.0109927 -0.00233267 0.0148637 -0.0183191 -0.0208109
internal_weight=0 104.256 23.3281 80.9279 62.5913 58.2472
internal_count=733 535 99 436 198 177
is_linear=0
shrinkage=0.0245806


Tree=33
num_leaves=7
num_cat=0
split_feature=12 16 29 38 14 37
split_gain=53.339 9.21333 9.2059 8.24942 5.1245 3.21203
threshold=1.0000000180025095e-35 1.0000000180025095e-35 1.0000000180025095e-35 1.0000000180025095e-35 1.0000000180025095e-35 1.0000000180025095e-35
decision_type=2 2 2 2 2 2
left_child=1 2 -1 5 -5 -2
right_child=3 -3 -4 4 -6 -7
leaf_value=0.016468870086554187 -0.012858853882999956 -0.0068151003166905507 -0.0092341506666714455 0.041585905448719915 -0.0058268582210513507 -0.025543435051328767
leaf_weight=79.695517733693123 21.040626838803291 15.091686248779295 9.1499895900487882 1.809157371520995 4.0977416783571243 35.210456147789955
leaf_count=442 70 55 38 11 15 102
internal_value=0 0.0107546 0.0137775 -0.0179931 0.00908594 -0.0209053
internal_weight=0 103.937 88.8455 62.158 5.9069 56.2511
internal_count=733 535 480 198 26 172
is_linear=0
shrinkage=0.0245806


Tree=34
num_leaves=7
num_cat=0
split_feature=12 24 17 26 24 17
split_gain=51.0436 8.59368 9.26364 8.36796 8.00354 5.42635
threshold=1.0000000180025095e-35 1.0000000180025095e-35 1.0000000180025095e-35 1.0000000180025095e-35 1.0000000180025095e-35 1.0000000180025095e-35
decision_type=2 2 2 2 2 2
left_child=1 2 -1 -3 5 -2
right_child=4 3 -4 -5 -6 -7
leaf_value=0.016738544915971158 -0.013319831437842456 0.008237482805556421 -0.014300668163422434 -0.022268260082901111 0.013698990106787424 -0.028967884328161848
leaf_weight=74.253901198506355 32.849097311496735 15.056509926915169 6.0658801645040503 8.2208159863948822 4.3345524072647086 24.540292426943779
leaf_count=414 109 72 22 27 21 68
internal_value=0 0.010524 0.0143329 -0.00251305 -0.0176771 -0.0201308
internal_weight=0 103.597 80.3198 23.2773 61.7239 57.3894
internal_count=733 535 436 99 198 177
is_linear=0
shrinkage=0.0245806


Tree=35
num_leaves=7
num_cat=0
split_feature=16 17 37 3 17 23
split_gain=45.2447 19.9715 10.0634 9.28376 4.01314 3.01338
threshold=1.0000000180025095e-35 1.0000000180025095e-35 1.0000000180025095e-35 0.45103986630349335 1.0000000180025095e-35 1.0000000180025095e-35
decision_type=2 2 2 2 2 2
left_child=1 3 4 -1 -2 -4
right_child=2 -3 5 -5 -6 -7
leaf_value=0.0077990569926157279 0.0028641863946005644 -0.018925356564416029 -0.030133231735179542 0.024653499671200379 -0.022885286312662543 -0.0089931613099715688
leaf_weight=71.323353886604309 13.322351828217508 13.617827162146567 28.335276126861572 27.750194132328033 4.7737126052379599 5.4382005035877219
leaf_count=352 54 45 78 171 14 19
internal_value=0 0.00872804 -0.0189724 0.0125849 -0.00394608 -0.0268775
internal_weight=0 112.691 51.8695 99.0735 18.0961 33.7735
internal_count=733 568 165 523 68 97
is_linear=0
shrinkage=0.0245806


Tree=36
num_leaves=7
num_cat=0
split_feature=16 17 37 3 17 30
split_gain=43.3437 19.0776 9.78123 8.97019 3.84475 2.14367
threshold=1.0000000180025095e-35 1.0000000180025095e-35 1.0000000180025095e-35 0.45103986630349335 1.0000000180025095e-35 1.0000000180025095e-35
decision_type=2 2 2 2 2 2
left_child=1 3 4 -1 -2 -4
right_child=2 -3 5 -5 -6 -7
leaf_value=0.0076178927866761316 0.0027939589747578352 -0.01853516527774679 -0.028626468549566818 0.024233615420905269 -0.022448902514398576 -0.0064317270970959319
leaf_weight=71.230298385024071 13.326188936829569 13.567308843135832 30.033641874790192 27.54291082918644 4.750826731324195 3.3724271059036246
leaf_count=352 54 45 85 171 14 12
internal_value=0 0.00854113 -0.0186537 0.0123158 -0.00385489 -0.0265149
internal_weight=0 112.341 51.4831 98.7732 18.077 33.4061
internal_count=733 568 165 523 68 97
is_linear=0
shrinkage=0.0245806


Tree=37
num_leaves=7
num_cat=0
split_feature=12 24 14 26 38 3
split_gain=45.6964 8.39923 12.1123 8.01161 7.83549 8.79335
threshold=1.0000000180025095e-35 1.0000000180025095e-35 1.0000000180025095e-35 1.0000000180025095e-35 1.0000000180025095e-35 0.18556633500646666
decision_type=2 2 2 2 2 2
left_child=1 2 -1 -3 -2 -6
right_child=4 3 -4 -5 5 -7
leaf_value=0.018652819960002232 -0.019841025536116882 0.0076275330341723105 -0.0049000908922413149 -0.022251881531936017 0.043646760003370109 -0.015316663790556424
leaf_weight=63.052680775523186 54.638190515339375 14.970242127776146 16.370144501328468 8.2142834663391113 2.4502126276493064 3.3881213814020157
leaf_count=368 172 72 68 27 15 11
internal_value=0 0.00996572 0.0137642 -0.00293691 -0.0169363 0.00956994
internal_weight=0 102.607 79.4228 23.1845 60.4765 5.83833
internal_count=733 535 436 99 198 26
is_linear=0
shrinkage=0.0245806


Tree=38
num_leaves=7
num_cat=0
split_feature=12 3 3 23 3 38
split_gain=43.7255 8.15458 8.13408 8.11174 6.90914 5.87236
threshold=1.0000000180025095e-35 0.45103986630349335 -1.0087445540476501 1.0000000180025095e-35 0.18556633500646666 1.0000000180025095e-35
decision_type=2 2 2 2 2 2
left_child=1 2 -1 5 -5 -2
right_child=3 -3 -4 4 -6 -7
leaf_value=0.023504063504658161 -0.02295577049949165 0.020245041143277707 0.0012915504879529561 0.026973425542802781 -0.012846624421034097 0.011845482182878066
leaf_weight=11.871488720178602 46.522241577506065 31.108929857611656 59.275553539395332 4.1324573904275876 6.4973465800285339 2.9083690196275702
leaf_count=70 141 187 278 22 22 13
internal_value=0 0.00975425 0.00508799 -0.016635 0.00258367 -0.0208165
internal_weight=0 102.256 71.147 60.0604 10.6298 49.4306
internal_count=733 535 348 198 44 154
is_linear=0
shrinkage=0.0245806


Tree=39
num_leaves=7
num_cat=0
split_feature=12 24 17 23 7 26
split_gain=41.8565 7.99737 8.07942 7.82225 8.67896 7.60141
threshold=1.0000000180025095e-35 1.0000000180025095e-35 1.0000000180025095e-35 1.0000000180025095e-35 1.0000000180025095e-35 1.0000000180025095e-35
decision_type=2 2 2 2 2 2
left_child=1 2 -1 -2 -5 -3
right_child=3 5 -4 4 -6 -7
leaf_value=0.015564055994291268 -0.020485164024258085 0.0072681884506451818 -0.013438967575230505 0.023244200013365985 -0.020477903528671633 -0.021842617588834427
leaf_weight=72.775452494621277 48.999160774052143 14.924782067537308 6.0626013129949561 5.6432760357856733 4.9678302258253098 8.2191339880228043
leaf_count=414 154 72 22 29 15 27
internal_value=0 0.009544 0.0132729 -0.016349 0.00252417 -0.00304679
internal_weight=0 101.982 78.8381 59.6103 10.6111 23.1439
internal_count=733 535 436 198 44 99
is_linear=0
shrinkage=0.0245806


Tree=40
num_leaves=7
num_cat=0
split_feature=12 3 3 23 7 0
split_gain=40.0651 7.83784 7.75518 7.52873 8.29597 5.36068
threshold=1.0000000180025095e-35 0.45103986630349335 -1.0087445540476501 1.0000000180025095e-35 1.0000000180025095e-35 1.0000000180025095e-35
decision_type=2 2 2 2 2 2
left_child=1 2 -1 -2 -5 -3
right_child=3 5 -4 4 -6 -7
leaf_value=0.02284198269361664 -0.020151307448866382 0.0089353080933501864 0.001061343852563585 0.02270408679633084 -0.02011514705193785 0.029872945064052799
leaf_weight=11.754371047019957 48.59472881257534 15.293530493974686 59.100664615631104 5.6400214284658414 4.9368821084499359 15.509283319115639
leaf_count=70 154 83 278 29 15 104
internal_value=0 0.00933846 0.00476356 -0.0160682 0.00246432 0.019682
internal_weight=0 101.658 70.855 59.1716 10.5769 30.8028
internal_count=733 535 348 198 44 187
is_linear=0
shrinkage=0.0245806


Tree=41
num_leaves=7
num_cat=0
split_feature=12 16 23 23 3 3
split_gain=38.3658 8.02219 8.75521 7.2459 6.48303 4.27239
threshold=1.0000000180025095e-35 1.0000000180025095e-35 1.0000000180025095e-35 1.0000000180025095e-35 0.18556633500646666 -1.0087445540476501
decision_type=2 2 2 2 2 2
left_child=1 2 -1 5 -5 -2
right_child=3 -3 -4 4 -6 -7
leaf_value=0.018055712055362147 0.0039685019518995099 -0.0072357612697370559 0.0017620653133543589 0.026112855798067335 -0.012606855540234387 -0.022009353860478725
leaf_weight=54.177116915583611 3.9382998347282401 15.053514555096625 32.139200389385223 4.1031565219163877 6.4381984174251556 44.254195772111416
leaf_count=322 16 55 158 22 22 138
internal_value=0 0.0091404 0.0120372 -0.0157929 0.00240603 -0.0198234
internal_weight=0 101.37 86.3163 58.7339 10.5414 48.1925
internal_count=733 535 480 198 44 154
is_linear=0
shrinkage=0.0245806


Tree=42
num_leaves=7
num_cat=0
split_feature=16 3 3 37 25 23
split_gain=36.7669 11.9371 11.6894 8.9192 6.17781 2.87885
threshold=1.0000000180025095e-35 0.45103986630349335 -1.0087445540476501 1.0000000180025095e-35 1.0000000180025095e-35 1.0000000180025095e-35
decision_type=2 2 2 2 2 2
left_child=1 2 -1 -2 -3 -5
right_child=3 4 -4 5 -6 -7
leaf_value=0.025243013723194197 -0.003390437827919591 0.028324519437910409 -0.0008410631052274129 -0.028665573908650346 0.0021178435138837905 -0.0077196004022335842
leaf_weight=11.994220018386839 17.816711187362671 21.077613860368732 69.026560768485069 26.475468099117283 7.6524993181228629 5.2948565334081641
leaf_count=73 68 141 314 78 40 19
internal_value=0 0.00792213 0.0030366 -0.017541 0.0214968 -0.0253253
internal_weight=0 109.751 81.0208 49.587 28.7301 31.7703
internal_count=733 568 387 165 181 97
is_linear=0
shrinkage=0.0245806


Tree=43
num_leaves=7
num_cat=0
split_feature=17 3 3 23 15 15
split_gain=34.4598 13.1041 13.3643 2.31631 5.56404 0.681383
threshold=1.0000000180025095e-35 -1.0087445540476501 0.45103986630349335 1.0000000180025095e-35 1.0000000180025095e-35 1.0000000180025095e-35
decision_type=2 2 2 2 2 2
left_child=1 5 -3 -2 -5 -1
right_child=3 2 -4 4 -6 -7
leaf_value=0.031567167106186199 -0.026893384591403183 -0.0026516548678670849 0.015374086629069186 0.021604138498518975 -0.024414201449061399 0.010264408109112916
leaf_weight=11.022402271628376 24.028892844915394 79.202408403158188 35.892840579152107 2.1165171563625327 4.7482736110687256 1.6725775599479682
leaf_count=70 74 348 207 11 14 9
internal_value=0 0.005625 0.00296218 -0.0232292 -0.00964496 0.0291612
internal_weight=0 127.79 115.095 30.8937 6.86479 12.695
internal_count=733 634 555 99 25 79
is_linear=0
shrinkage=0.0245806


Tree=44
num_leaves=7
num_cat=0
split_feature=12 24 14 4 38 3
split_gain=34.9376 7.42159 11.5102 11.4086 7.05763 8.06022
threshold=1.0000000180025095e-35 1.0000000180025095e-35 1.0000000180025095e-35 2.5000000000000004 1.0000000180025095e-35 0.18556633500646666
decision_type=2 2 2 2 2 2
left_child=1 2 -1 -3 -2 -6
right_child=4 3 -4 -5 5 -7
leaf_value=0.01724534679767711 -0.018101661932475928 0.0075836221133450468 -0.0058789347092629823 -0.030024169947568159 0.042843694332898877 -0.01408218423291744
leaf_weight=61.296154528856277 51.958631031215191 16.317241936922077 16.192188546061516 6.7044998109340659 2.417389675974845 3.3025320321321487
leaf_count=368 172 79 68 20 15 11
internal_value=0 0.00873444 0.0123759 -0.0034067 -0.0152328 0.0101164
internal_weight=0 100.51 77.4883 23.0217 57.6786 5.71992
internal_count=733 535 436 99 198 26
is_linear=0
shrinkage=0.0245806


Tree=45
num_leaves=7
num_cat=0
split_feature=16 3 3 7 23 25
split_gain=33.8803 11.0886 10.6974 7.06077 7.7419 6.02867
threshold=1.0000000180025095e-35 0.45103986630349335 -1.0087445540476501 1.0000000180025095e-35 1.0000000180025095e-35 1.0000000180025095e-35
decision_type=2 2 2 2 2 2
left_child=1 2 -1 4 -2 -3
right_child=3 5 -4 -5 -6 -7
leaf_value=0.024385423641448068 -0.015433407556213667 0.027671087271350515 -0.00078147919343057772 -0.028496158359339947 0.015856619974084486 0.0016474558942471565
leaf_weight=11.760569244623182 23.549934238195423 20.659953176975254 68.694522187113762 19.447183504700661 5.7396583259105673 7.5873373150825492
leaf_count=73 79 141 314 59 27 40
internal_value=0 0.0076218 0.00291206 -0.0170035 -0.00914798 0.0208332
internal_weight=0 108.702 80.4551 48.7368 29.2896 28.2473
internal_count=733 568 387 165 106 181
is_linear=0
shrinkage=0.0245806


Tree=46
num_leaves=7
num_cat=0
split_feature=12 17 3 24 4 17
split_gain=32.5542 7.15524 12.1321 7.05307 10.8042 7.36397
threshold=1.0000000180025095e-35 1.0000000180025095e-35 -1.0087445540476501 1.0000000180025095e-35 2.5000000000000004 1.0000000180025095e-35
decision_type=2 2 2 2 2 2
left_child=3 2 -2 5 -5 -1
right_child=1 -3 -4 4 -6 -7
leaf_value=0.014255882928735886 0.048924393018134539 -0.025264407534560784 -0.011222636656053973 0.007330809687160292 -0.029263792671861116 -0.013545267091832633
leaf_weight=70.843530535697937 1.9668127596378315 23.36126372218132 31.601089745759964 16.271206840872768 6.7132245600223532 6.0184144377708426
leaf_count=414 12 74 112 79 20 22
internal_value=0 -0.0148168 -0.00736551 0.00844258 -0.00339167 0.0120162
internal_weight=0 56.9292 33.5679 99.8464 22.9844 76.8619
internal_count=733 198 124 535 99 436
is_linear=0
shrinkage=0.0245806


Tree=47
num_leaves=7
num_cat=0
split_feature=16 17 29 37 17 23
split_gain=31.7769 14.8829 8.75252 8.27575 3.38291 2.87195
threshold=1.0000000180025095e-35 1.0000000180025095e-35 1.0000000180025095e-35 1.0000000180025095e-35 1.0000000180025095e-35 1.0000000180025095e-35
decision_type=2 2 2 2 2 2
left_child=1 2 -1 4 -2 -5
right_child=3 -3 -4 5 -6 -7
leaf_value=0.013164132938189427 0.0032172135959490137 -0.01713823133131925 -0.012288563202789352 -0.027786778299639416 -0.020881121225371602 -0.0066644226126878264
leaf_weight=86.323006555438042 13.119904309511186 12.898067787289618 8.7569628059864026 25.238017037510875 4.5504128187894812 5.1771195083856574
leaf_count=486 54 45 37 78 14 19
internal_value=0 0.00738902 0.0107719 -0.016595 -0.00299162 -0.0243428
internal_weight=0 107.978 95.08 48.0855 17.6703 30.4151
internal_count=733 568 523 165 68 97
is_linear=0
shrinkage=0.0245806


Tree=48
num_leaves=7
num_cat=0
split_feature=16 17 29 37 17 0
split_gain=30.4439 14.2126 8.35859 8.05036 3.24186 2.22848
threshold=1.0000000180025095e-35 1.0000000180025095e-35 1.0000000180025095e-35 1.0000000180025095e-35 1.0000000180025095e-35 1.0000000180025095e-35
decision_type=2 2 2 2 2 2
left_child=1 2 -1 4 -2 -3
right_child=3 5 -4 -5 -6 -7
leaf_value=0.012883120615891466 0.0031382235851665384 -0.026422448065171911 -0.011962805844284233 -0.024035455669489173 -0.020493915683453528 -0.005181609140403819
leaf_weight=86.04534649848938 13.124200984835626 6.7620269507169706 8.7791479825973493 30.05897068977356 4.5262750685214987 6.085714265704155
leaf_count=486 54 21 37 97 14 24
internal_value=0 0.00722625 0.0105352 -0.0163232 -0.00292254 -0.0167884
internal_weight=0 107.672 94.8245 47.7094 17.6505 12.8477
internal_count=733 568 523 165 68 45
is_linear=0
shrinkage=0.0245806


Tree=49
num_leaves=7
num_cat=0
split_feature=12 3 38 3 3 3
split_gain=29.2749 6.95773 6.81096 7.40556 6.55063 5.84436
threshold=1.0000000180025095e-35 0.45103986630349335 1.0000000180025095e-35 0.18556633500646666 -1.0087445540476501 -1.0087445540476501
decision_type=2 2 2 2 2 2
left_child=1 4 5 -4 -1 -2
right_child=2 -3 3 -5 -6 -7
leaf_value=0.020775590874528318 0.0095458016846582741 0.018013562138231094 0.042073972235017153 -0.012816777823281757 0.00032206565479748762 -0.019703955335661816
leaf_weight=11.173869222402571 4.292734056711196 29.417369663715363 2.4105892628431311 3.2120909988880157 58.325799226760864 45.883690431714058
leaf_count=70 19 187 15 11 278 153
internal_value=0 0.00800768 -0.0142276 0.0108509 0.00369648 -0.0171216
internal_weight=0 98.917 55.7991 5.62268 69.4997 50.1764
internal_count=733 535 198 26 348 172
is_linear=0
shrinkage=0.0245806


Tree=50
num_leaves=7
num_cat=0
split_feature=16 3 3 7 23 25
split_gain=28.5621 10.3085 9.68887 6.68638 7.30486 5.89905
threshold=1.0000000180025095e-35 0.45103986630349335 -0.38357255258329975 1.0000000180025095e-35 1.0000000180025095e-35 1.0000000180025095e-35
decision_type=2 2 2 2 2 2
left_child=1 2 -1 4 -2 -3
right_child=3 5 -4 -5 -6 -7
leaf_value=0.014124410247330327 -0.014539173266008513 0.026833822298022194 -0.0038017725572769773 -0.027518268946322335 0.015955824045216796 0.00088074263742640745
leaf_weight=27.812226757407188 22.98729378730059 20.037912040948871 51.641906633973122 18.363547123968601 5.7261251956224433 7.4804382175207129
leaf_count=155 79 141 232 59 27 40
internal_value=0 0.00700481 0.00245771 -0.0159334 -0.00829996 0.0199303
internal_weight=0 106.972 79.4541 47.077 28.7134 27.5184
internal_count=733 568 387 165 106 181
is_linear=0
shrinkage=0.0245806


Tree=51
num_leaves=7
num_cat=0
split_feature=16 3 3 7 23 25
split_gain=27.3629 9.93087 9.45768 6.55502 6.98189 5.71907
threshold=1.0000000180025095e-35 0.45103986630349335 -1.0087445540476501 1.0000000180025095e-35 1.0000000180025095e-35 1.0000000180025095e-35
decision_type=2 2 2 2 2 2
left_child=1 2 -1 4 -2 -3
right_child=3 5 -4 -5 -6 -7
leaf_value=0.022931418343392612 -0.014246692594914826 0.026457549837231639 -0.0010589838075587151 -0.027247235401663818 0.015575885375969267 0.00085984551347372885
leaf_weight=11.404464095830916 22.887680985033516 19.82861398905516 67.997546896338463 18.095531061291695 5.7262002676725379 7.4784833937883368
leaf_count=73 79 141 314 59 27 40
internal_value=0 0.0068525 0.0023988 -0.0156684 -0.008122 0.0195994
internal_weight=0 106.709 79.402 46.7094 28.6139 27.3071
internal_count=733 568 387 165 106 181
is_linear=0
shrinkage=0.0245806


Tree=52
num_leaves=7
num_cat=0
split_feature=17 16 29 37 38 25
split_gain=27.5666 15.2496 7.89178 7.23009 1.46119 1.80996
threshold=1.0000000180025095e-35 1.0000000180025095e-35 1.0000000180025095e-35 1.0000000180025095e-35 1.0000000180025095e-35 1.0000000180025095e-35
decision_type=2 2 2 2 2 2
left_child=1 2 -1 -3 5 -2
right_child=4 3 -4 -5 -6 -7
leaf_value=0.012248396096428089 -0.025675437854980197 0.0035285392515220604 -0.011921515389595683 -0.0204946885185248 -0.0041385676510074113 -0.0026041268885945786
leaf_weight=84.936386130750179 23.196107447147376 13.051737800240518 8.7662626653909665 17.155343905091286 3.0721086561679831 2.5919691175222388
leaf_count=486 77 54 37 57 12 10
internal_value=0 0.00503196 0.00993906 -0.0100683 -0.0215689 -0.0234963
internal_weight=0 123.91 93.7026 30.2071 28.8602 25.7881
internal_count=733 634 523 111 99 87
is_linear=0
shrinkage=0.0245806


Tree=53
num_leaves=7
num_cat=0
split_feature=16 3 3 37 25 29
split_gain=25.2303 9.55211 9.06157 7.30667 5.55953 2.84313
threshold=1.0000000180025095e-35 0.45103986630349335 -1.0087445540476501 1.0000000180025095e-35 1.0000000180025095e-35 1.0000000180025095e-35
decision_type=2 2 2 2 2 2
left_child=1 2 -1 5 -3 -2
right_child=3 4 -4 -5 -6 -7
leaf_value=0.022438420227276747 -0.0061847399634065298 0.025998725048109701 -0.0011636863910008447 -0.022822830040483376 0.00068949761998084375 0.023901592440825868
leaf_weight=11.273436635732649 15.541920825839043 19.540508434176449 67.826322764158249 28.52569243311882 7.459669664502143 1.9523835033178336
leaf_count=73 58 141 314 97 40 10
internal_value=0 0.00657575 0.00221126 -0.0151804 0.0191588 -0.00245569
internal_weight=0 106.1 79.0998 46.02 27.0002 17.4943
internal_count=733 568 387 165 181 68
is_linear=0
shrinkage=0.0245806


Tree=54
num_leaves=7
num_cat=0
split_feature=17 16 29 37 19 4
split_gain=26.146 13.8735 7.47792 6.75876 1.16519 2.16147
threshold=1.0000000180025095e-35 1.0000000180025095e-35 1.0000000180025095e-35 1.0000000180025095e-35 1.0000000180025095e-35 1.0000000180025095e-35
decision_type=2 2 2 2 2 2
left_child=1 2 -1 -3 5 -2
right_child=4 3 -4 -5 -6 -7
leaf_value=0.011849333256397821 -0.029770579356521696 0.0035024353881471437 -0.011668215633963086 -0.019814968122892077 -0.023961938615950116 0
leaf_weight=84.398668698966503 2.1046952754259136 13.050008982419969 8.7780107557773572 16.836957581341267 22.132291525602341 4.1995819807052612
leaf_count=486 6 54 37 57 75 18
internal_value=0 0.00490046 0.00958579 -0.00958538 -0.0211775 -0.010575
internal_weight=0 123.064 93.1767 29.887 28.4366 6.30428
internal_count=733 634 523 111 99 24
is_linear=0
shrinkage=0.0245806


Tree=55
num_leaves=7
num_cat=0
split_feature=17 16 33 7 23 15
split_gain=25.0982 13.2444 7.30862 5.90322 2.34299 5.07888
threshold=1.0000000180025095e-35 1.0000000180025095e-35 1.0000000180025095e-35 1.0000000180025095e-35 1.0000000180025095e-35 1.0000000180025095e-35
decision_type=2 2 2 2 2 2
left_child=1 2 -1 -3 -2 -6
right_child=4 3 -4 -5 5 -7
leaf_value=0.011001817981300156 -0.024832693444442548 -0.002166518900923395 -0.019656578087030672 -0.026283841994668166 0.022341136848566517 -0.02197472646665849
leaf_weight=88.196552716195583 21.539431445300583 21.089222602546215 4.7332683578133574 8.6553301513195056 2.1155286133289328 4.5269774198532104
leaf_count=503 74 83 20 28 11 14
internal_value=0 0.00479405 0.00937469 -0.00939575 -0.0208565 -0.00723851
internal_weight=0 122.674 92.9298 29.7446 28.1819 6.64251
internal_count=733 634 523 111 99 25
is_linear=0
shrinkage=0.0245806


Tree=56
num_leaves=7
num_cat=0
split_feature=17 16 29 7 38 19
split_gain=24.0919 12.6488 7.11653 5.73425 1.45798 0.707443
threshold=1.0000000180025095e-35 1.0000000180025095e-35 1.0000000180025095e-35 1.0000000180025095e-35 1.0000000180025095e-35 1.0000000180025095e-35
decision_type=2 2 2 2 2 2
left_child=1 2 -1 -3 5 -2
right_child=4 3 -4 -5 -6 -7
leaf_value=0.011388122575713306 -0.0127186757065462 -0.0021146930643994588 -0.011549960480206295 -0.025998830082629636 -0.0031095652347919644 -0.024913800470455241
leaf_weight=83.914522588253021 5.344800725579268 21.079702667891979 8.7850381433963758 8.5386387556791323 3.0153043419122687 19.544417656958103
leaf_count=486 20 83 37 28 12 67
internal_value=0 0.00468681 0.00916621 -0.00921152 -0.0205517 -0.0225178
internal_weight=0 122.318 92.6996 29.6183 27.9045 24.8892
internal_count=733 634 523 111 99 87
is_linear=0
shrinkage=0.0245806


Tree=57
num_leaves=7
num_cat=0
split_feature=17 16 29 37 23 15
split_gain=23.1228 12.082 6.79442 6.28792 2.32679 4.87797
threshold=1.0000000180025095e-35 1.0000000180025095e-35 1.0000000180025095e-35 1.0000000180025095e-35 1.0000000180025095e-35 1.0000000180025095e-35
decision_type=2 2 2 2 2 2
left_child=1 2 -1 -3 -2 -6
right_child=4 3 -4 -5 5 -7
leaf_value=0.011144015471753114 -0.024266283468971608 0.0035215932376817353 -0.011247300956835743 -0.019081219917282795 0.022262236295742411 -0.021240501663394442
leaf_weight=83.652203068137169 21.054244317114357 13.04892919957638 8.8045004904270154 16.444334991276264 2.1138380765914908 4.4882286190986633
leaf_count=486 74 54 37 57 11 14
internal_value=0 0.00458269 0.00896404 -0.00903083 -0.0202394 -0.00668287
internal_weight=0 121.95 92.4567 29.4933 27.6563 6.60207
internal_count=733 634 523 111 99 25
is_linear=0
shrinkage=0.0245806


Tree=58
num_leaves=7
num_cat=0
split_feature=12 24 26 23 7 38
split_gain=22.3951 6.90591 6.79708 6.48333 6.59245 5.28344
threshold=1.0000000180025095e-35 1.0000000180025095e-35 1.0000000180025095e-35 1.0000000180025095e-35 1.0000000180025095e-35 1.0000000180025095e-35
decision_type=2 2 2 2 2 2
left_child=1 -1 -3 5 -5 -2
right_child=3 2 -4 4 -6 -7
leaf_value=0.010666983495994171 -0.019344766844513722 0.005216176584054019 -0.022522493878464309 0.022436832935657194 -0.016993796022865191 0.014736082707360066
leaf_weight=73.702838100492954 39.984061650931835 14.462880700826645 8.1390344947576523 5.5351774543523771 4.4047344774007797 2.7250052243471137
leaf_count=436 141 72 27 29 15 13
internal_value=0 0.00701678 -0.00475738 -0.0128911 0.00470561 -0.0170522
internal_weight=0 96.3048 22.6019 52.649 9.93991 42.7091
internal_count=733 535 99 198 44 154
is_linear=0
shrinkage=0.0245806


Tree=59
num_leaves=7
num_cat=0
split_feature=17 16 33 3 23 15
split_gain=21.9085 11.3184 6.90518 5.48102 2.19938 4.62573
threshold=1.0000000180025095e-35 1.0000000180025095e-35 1.0000000180025095e-35 -1.0087445540476501 1.0000000180025095e-35 1.0000000180025095e-35
decision_type=2 2 2 2 2 2
left_child=1 2 -1 -3 -2 -6
right_child=4 3 -4 -5 5 -7
leaf_value=0.010305355631216654 -0.023870242682372571 0.029386160996835064 -0.019507648762745657 -0.011721681674057675 0.021515501102251873 -0.020918101553024919
leaf_weight=87.16589043289423 20.62349978834391 1.8994053006172205 4.7313568517565718 27.316418915987015 2.1089327484369269 4.454325944185257
leaf_count=503 74 10 20 101 11 14
internal_value=0 0.00445575 0.00870436 -0.00878636 -0.0198893 -0.00666317
internal_weight=0 121.113 91.8972 29.2158 27.1868 6.56326
internal_count=733 634 523 111 99 25
is_linear=0
shrinkage=0.0245806


Tree=60
num_leaves=7
num_cat=0
split_feature=17 16 33 37 23 15
split_gain=21.0356 10.7913 6.58006 5.99917 2.14641 4.43288
threshold=1.0000000180025095e-35 1.0000000180025095e-35 1.0000000180025095e-35 1.0000000180025095e-35 1.0000000180025095e-35 1.0000000180025095e-35
decision_type=2 2 2 2 2 2
left_child=1 2 -1 -3 -2 -6
right_child=4 3 -4 -5 5 -7
leaf_value=0.010081435538179561 -0.023566993808473304 0.0036349301399732966 -0.018951235666861722 -0.018559014763078516 0.021058254085724981 -0.020528444499061774
leaf_weight=86.919033728539944 20.380851529538635 13.007702156901361 4.7557668387889853 16.113524205982685 2.1058805286884299 4.4311642944812775
leaf_count=503 74 54 20 57 11 14
internal_value=0 0.00435755 0.00851018 -0.00859357 -0.0195996 -0.00651519
internal_weight=0 120.796 91.6748 29.1212 26.9179 6.53704
internal_count=733 634 523 111 99 25
is_linear=0
shrinkage=0.0245806


Tree=61
num_leaves=7
num_cat=0
split_feature=12 24 25 24 3 3
split_gain=20.2212 6.58736 6.97527 6.02369 6.31971 5.29006
threshold=1.0000000180025095e-35 1.0000000180025095e-35 1.0000000180025095e-35 1.0000000180025095e-35 -1.0087445540476501 0.45103986630349335
decision_type=2 2 2 2 2 2
left_child=1 5 -3 4 -2 -1
right_child=3 2 -4 -5 -6 -7
leaf_value=0.0057000133493186837 0.013057212457445842 0.0084907748481784315 -0.018557045962399751 0.01538414726024232 -0.017733345883969451 0.020117099082272129
leaf_weight=50.308968856930733 4.2012965381145468 11.373523637652397 11.175521656870842 4.0880967676639548 43.268279120326042 22.676365852355957
leaf_count=276 20 58 41 21 157 160
internal_value=0 0.00666297 -0.00483806 -0.0124092 -0.0149107 0.0102565
internal_weight=0 95.5344 22.549 51.5577 47.4696 72.9853
internal_count=733 535 99 198 177 436
is_linear=0
shrinkage=0.0245806


Tree=62
num_leaves=7
num_cat=0
split_feature=12 23 7 33 38 16
split_gain=19.3422 6.11917 6.13173 5.60453 5.07845 4.82396
threshold=1.0000000180025095e-35 1.0000000180025095e-35 1.0000000180025095e-35 1.0000000180025095e-35 1.0000000180025095e-35 1.0000000180025095e-35
decision_type=2 2 2 2 2 2
left_child=3 4 -3 5 -2 -1
right_child=1 2 -4 -5 -6 -7
leaf_value=0.010488985373877243 -0.018624976119707096 0.022067439904534338 -0.01627076660568284 -0.016841988301729977 0.014977281675788641 -0.005073164762653736
leaf_weight=75.761045701801777 38.726297318935394 5.4997010976076108 4.2891369387507439 5.5878942534327498 2.6945112943649283 13.930978193879126
leaf_count=460 141 29 15 23 13 52
internal_value=0 -0.0121841 0.00500785 0.00651857 -0.0163163 0.00803623
internal_weight=0 51.2096 9.78884 95.2799 41.4208 89.692
internal_count=733 198 44 535 154 512
is_linear=0
shrinkage=0.0245806


Tree=63
num_leaves=7
num_cat=0
split_feature=17 3 3 23 15 15
split_gain=19.7093 10.424 10.1142 1.99876 4.20142 0.690723
threshold=1.0000000180025095e-35 -1.0087445540476501 0.45103986630349335 1.0000000180025095e-35 1.0000000180025095e-35 1.0000000180025095e-35
decision_type=2 2 2 2 2 2
left_child=1 5 -3 -2 -5 -1
right_child=3 2 -4 4 -6 -7
leaf_value=0.028632019609608022 -0.023131480901210727 -0.003158231106035267 0.013153586259856249 0.020339934737909092 -0.020262058248543019 0.0072463902575054069
leaf_weight=10.068293198943135 19.814859114587311 75.119143299758434 32.787107691168785 2.0957603603601447 4.385081946849823 1.5586077421903617
leaf_count=70 74 348 207 11 14 9
internal_value=0 0.0042175 0.00178733 -0.0192158 -0.00652352 0.026155
internal_weight=0 119.533 107.906 26.2957 6.48084 11.6269
internal_count=733 634 555 99 25 79
is_linear=0
shrinkage=0.0245806


Tree=64
num_leaves=7
num_cat=0
split_feature=17 16 37 25 23 15
split_gain=18.9262 9.69962 5.64516 3.35641 1.95006 4.02733
threshold=1.0000000180025095e-35 1.0000000180025095e-35 1.0000000180025095e-35 1.0000000180025095e-35 1.0000000180025095e-35 1.0000000180025095e-35
decision_type=2 2 2 2 2 2
left_child=1 3 -3 -1 -2 -6
right_child=4 2 -4 -5 5 -7
leaf_value=0.010856137446927139 -0.022837616767063623 0.0035847164623855994 -0.018067616528242937 0 0.019916131645518871 -0.019886505191813279
leaf_weight=67.331639908254147 19.581819541752342 12.964797288179398 15.756659261882305 23.283682517707348 2.0917957574129096 4.3619096726179123
leaf_count=405 74 54 57 118 11 14
internal_value=0 0.00412336 -0.00824052 0.00808095 -0.0189362 -0.00637982
internal_weight=0 119.337 28.7215 90.6153 26.0355 6.45371
internal_count=733 634 111 523 99 25
is_linear=0
shrinkage=0.0245806


Tree=65
num_leaves=7
num_cat=0
split_feature=17 16 29 37 38 25
split_gain=18.1742 9.25906 6.50111 5.43302 1.37329 1.83538
threshold=1.0000000180025095e-35 1.0000000180025095e-35 1.0000000180025095e-35 1.0000000180025095e-35 1.0000000180025095e-35 1.0000000180025095e-35
decision_type=2 2 2 2 2 2
left_child=1 2 -1 -3 5 -2
right_child=4 3 -4 -5 -6 -7
leaf_value=0.010078581179731696 -0.023079218850557286 0.0034965576186671444 -0.011933330654398196 -0.017781201078716509 -0.0015623221916828082 0
leaf_weight=81.666757188737392 20.412718504667289 12.969640120863914 8.7313227355480176 15.621630772948265 2.8979952782392493 2.4673473536968222
leaf_count=486 77 54 37 57 12 10
internal_value=0 0.00403374 0.0079023 -0.00807539 -0.0186606 -0.0206786
internal_weight=0 118.989 90.3981 28.5913 25.7781 22.8801
internal_count=733 634 523 111 99 87
is_linear=0
shrinkage=0.0245806


Tree=66
num_leaves=7
num_cat=0
split_feature=17 3 3 36 38 19
split_gain=17.4398 10.0222 9.66424 1.72727 1.33111 0.865258
threshold=1.0000000180025095e-35 -1.0087445540476501 0.45103986630349335 1.0000000180025095e-35 1.0000000180025095e-35 1.0000000180025095e-35
decision_type=2 2 2 2 2 2
left_child=1 3 -3 -1 5 -2
right_child=4 2 -4 -5 -6 -7
leaf_value=0.028888600630727301 -0.0099125484389721696 -0.0032757293615041727 0.012736092616150118 0 -0.0015268560725612795 -0.023116814805781642
leaf_weight=10.219925723969933 5.0881829708814683 74.7185298204422 32.473469130694866 1.2253356650471694 2.8968030661344519 17.56937750428915
leaf_count=72 20 348 207 7 12 67
internal_value=0 0.00394509 0.00156363 0.0256308 -0.018371 -0.0203759
internal_weight=0 118.637 107.192 11.4453 25.5544 22.6576
internal_count=733 634 555 79 99 87
is_linear=0
shrinkage=0.0245806


Tree=67
num_leaves=7
num_cat=0
split_feature=12 24 4 14 23 7
split_gain=16.7637 6.23549 10.1612 9.12706 5.76555 5.72594
threshold=1.0000000180025095e-35 1.0000000180025095e-35 2.5000000000000004 1.0000000180025095e-35 1.0000000180025095e-35 1.0000000180025095e-35
decision_type=2 2 2 2 2 2
left_child=1 3 -3 -1 -2 -6
right_child=4 2 -4 -5 5 -7
leaf_value=0.014194001603010648 -0.015664605609848937 0.0055023122017540818 -0.03025988204123407 -0.0070264232544652123 0.021648694924122254 -0.015703780445627272
leaf_weight=56.352172888815403 40.048552878201008 15.771837115287783 6.640780732035636 15.319195576012133 5.470857232809065 4.1728317812085152
leaf_count=368 154 79 20 68 29 15
internal_value=0 0.00606802 -0.00513785 0.00961415 -0.011553 0.00521999
internal_weight=0 94.084 22.4126 71.6714 49.6922 9.64369
internal_count=733 535 99 436 198 44
is_linear=0
shrinkage=0.0245806


Tree=68
num_leaves=7
num_cat=0
split_feature=16 7 23 29 22 26
split_gain=15.5676 5.47571 6.05551 4.22279 4.45377 1.94602
threshold=1.0000000180025095e-35 1.0000000180025095e-35 1.0000000180025095e-35 1.0000000180025095e-35 1.0000000180025095e-35 1.0000000180025095e-35
decision_type=2 2 2 2 2 2
left_child=3 2 -2 4 -1 -5
right_child=1 -3 -4 5 -6 -7
leaf_value=0.0054248743619330388 -0.011878145939310868 -0.024507799200951318 0.016160871444020817 -0.0014663408097198348 0.028811292212634478 -0.025130978632251274
leaf_weight=86.683401592075825 21.276327334344391 14.927932202816008 5.7022709995508185 6.1719612032175046 5.1210231855511656 3.2453522533178329
leaf_count=494 79 59 27 29 34 11
internal_value=0 -0.012596 -0.00578137 0.00518602 0.00681503 -0.0102354
internal_weight=0 41.9065 26.9786 101.222 91.8044 9.41731
internal_count=733 165 106 568 528 40
is_linear=0
shrinkage=0.0245806


Tree=69
num_leaves=7
num_cat=0
split_feature=17 16 29 37 23 15
split_gain=16.3983 8.17604 5.9506 5.04425 1.8353 3.82098
threshold=1.0000000180025095e-35 1.0000000180025095e-35 1.0000000180025095e-35 1.0000000180025095e-35 1.0000000180025095e-35 1.0000000180025095e-35
decision_type=2 2 2 2 2 2
left_child=1 2 -1 -3 -2 -6
right_child=4 3 -4 -5 5 -7
leaf_value=0.0095736389466098432 -0.021945793134191236 0.0034549156624129498 -0.011494107763426461 -0.017173193424001847 0.019746432164064194 -0.019172674028431324
leaf_weight=80.743227116763592 18.657782912254337 12.935919642448425 8.7302354872226697 15.237611331045628 2.0858828723430625 4.2834143042564392
leaf_count=486 74 54 37 57 11 14
internal_value=0 0.00381915 0.00746803 -0.00764631 -0.0180215 -0.00581394
internal_weight=0 117.647 89.4735 28.1735 25.0271 6.3693
internal_count=733 634 523 111 99 25
is_linear=0
shrinkage=0.0245806


Tree=70
num_leaves=7
num_cat=0
split_feature=17 3 3 36 38 14
split_gain=15.744 9.60991 9.18854 1.71656 1.3001 0.74405
threshold=1.0000000180025095e-35 -1.0087445540476501 0.45103986630349335 1.0000000180025095e-35 1.0000000180025095e-35 1.0000000180025095e-35
decision_type=2 2 2 2 2 2
left_child=1 3 -3 -1 5 -2
right_child=4 2 -4 -5 -6 -7
leaf_value=0.028472479436002292 -0.012592791439382902 -0.0033339451965503533 0.01237450269297625 -0.00028090695669094476 -0.0010181211426032225 -0.023573378046932374
leaf_weight=10.018907271325585 8.104589074850086 74.03578120470047 32.037231586873531 1.2150411084294326 2.8466800898313513 13.831227354705334
leaf_count=72 31 348 207 7 12 56
internal_value=0 0.0037349 0.00139853 0.0251724 -0.0177572 -0.0197801
internal_weight=0 117.307 106.073 11.2339 24.7825 21.9358
internal_count=733 634 555 79 99 87
is_linear=0
shrinkage=0.0245806


Tree=71
num_leaves=7
num_cat=0
split_feature=17 3 3 38 25 14
split_gain=15.1172 9.24665 8.77049 1.26111 1.76674 0.435261
threshold=1.0000000180025095e-35 -1.0087445540476501 0.45103986630349335 1.0000000180025095e-35 1.0000000180025095e-35 1.0000000180025095e-35
decision_type=2 2 2 2 2 2
left_child=1 5 -3 4 -2 -1
right_child=3 2 -4 -5 -6 -7
leaf_value=0.02843047003708106 -0.021965922132903208 -0.0032514655436241694 0.012112308633740564 -0.00099490393107293522 0 0.01385729169258982
leaf_weight=7.9333582893013936 19.28820654004813 74.052390933036804 31.931592024862766 2.8459001928567877 2.42781177163124 3.2001743018627167
leaf_count=61 77 348 207 12 10 18
internal_value=0 0.00365032 0.00136522 -0.0174898 -0.019501 0.0247802
internal_weight=0 117.118 105.984 24.5619 21.716 11.1335
internal_count=733 634 555 99 87 79
is_linear=0
shrinkage=0.0245806


Tree=72
num_leaves=7
num_cat=0
split_feature=12 24 4 38 13 4
split_gain=14.7059 5.93597 9.61842 5.49466 5.36204 4.63026
threshold=1.0000000180025095e-35 1.0000000180025095e-35 2.5000000000000004 1.0000000180025095e-35 1.0000000180025095e-35 3.5000000000000004
decision_type=2 2 2 2 2 2
left_child=1 5 -3 -2 -5 -1
right_child=3 2 -4 4 -6 -7
leaf_value=0.006242720566718752 -0.013920840763218718 0.0051410024956844253 -0.029705668172384066 0.028555844305702259 -0.022776919116548305 0.023124628839257061
leaf_weight=58.729203969240189 43.104918509721756 15.659307733178141 6.6291708797216407 3.6395969837903968 1.5921562910079954 11.92191595584154
leaf_count=355 172 79 20 21 5 81
internal_value=0 0.00568583 -0.0052648 -0.0110031 0.0121868 0.00918342
internal_weight=0 92.9396 22.2885 48.3367 5.23175 70.6511
internal_count=733 535 99 198 26 436
is_linear=0
shrinkage=0.0245806


Tree=73
num_leaves=7
num_cat=0
split_feature=17 3 3 23 3 36
split_gain=14.3054 8.877 8.30904 1.80813 1.79315 1.69213
threshold=1.0000000180025095e-35 -1.0087445540476501 0.45103986630349335 1.0000000180025095e-35 0.18556633500646666 1.0000000180025095e-35
decision_type=2 2 2 2 2 2
left_child=1 5 -3 -2 -5 -1
right_child=3 2 -4 4 -6 -7
leaf_value=0.027725225157897514 -0.021157195610214924 -0.0031814123829188635 0.011813709094165676 0.0075521080320506799 -0.017666740599105758 -0.00094781536020221427
leaf_weight=9.7921245768666232 17.911604911088947 73.84199608117342 31.718908973038197 3.0813910067081443 3.2149563729763031 1.2003294453024871
leaf_count=72 74 348 207 14 11 7
internal_value=0 0.00354717 0.00131174 -0.017149 -0.00504669 0.0243891
internal_weight=0 116.553 105.561 24.208 6.29635 10.9925
internal_count=733 634 555 99 25 79
is_linear=0
shrinkage=0.0245806


Tree=74
num_leaves=7
num_cat=0
split_feature=12 33 23 7 38 14
split_gain=13.7847 5.40048 5.29916 5.23511 4.59802 4.17361
threshold=1.0000000180025095e-35 1.0000000180025095e-35 1.0000000180025095e-35 1.0000000180025095e-35 1.0000000180025095e-35 1.0000000180025095e-35
decision_type=2 2 2 2 2 2
left_child=1 5 4 -4 -2 -1
right_child=2 -3 3 -5 -6 -7
leaf_value=0.0096302847855095422 -0.017139501586536751 -0.017569652423644271 0.021131055087587849 -0.014997624360979272 0.015232962852825591 -0.0040002613423101028
leaf_weight=70.658085435628891 35.742361664772034 5.5127916783094397 5.4241155534982664 4.0195434391498566 2.6309426575899115 16.365157254040241
leaf_count=436 141 23 29 15 13 76
internal_value=0 0.00550539 -0.0107217 0.00548013 -0.0147864 0.00703289
internal_weight=0 92.536 47.817 9.44366 38.3733 87.0232
internal_count=733 535 198 44 154 512
is_linear=0
shrinkage=0.0245806


Tree=75
num_leaves=7
num_cat=0
split_feature=17 3 3 23 15 12
split_gain=13.5532 8.55914 7.92346 1.70848 3.64057 1.32944
threshold=1.0000000180025095e-35 -1.0087445540476501 0.45103986630349335 1.0000000180025095e-35 1.0000000180025095e-35 1.0000000180025095e-35
decision_type=2 2 2 2 2 2
left_child=1 5 -3 -2 -5 -1
right_child=3 2 -4 4 -6 -7
leaf_value=0.018765480189530448 -0.02080317820410043 -0.0031375998111808283 0.011546467632696462 0.019830603348005588 -0.018339581566167794 0.043337963074277723
leaf_weight=8.9390325248241389 17.554368130862716 73.602042153477669 31.508773602545261 2.0801254361867896 4.1890897005796432 1.9279396086931235
leaf_count=67 74 348 207 11 14 12
internal_value=0 0.00344457 0.00125128 -0.0168416 -0.0050473 0.0240325
internal_weight=0 115.978 105.111 23.8236 6.26922 10.867
internal_count=733 634 555 99 25 79
is_linear=0
shrinkage=0.0245806


Tree=76
num_leaves=7
num_cat=0
split_feature=16 3 3 7 23 35
split_gain=13.2391 7.39273 7.67619 5.01724 5.54709 3.84035
threshold=1.0000000180025095e-35 0.45103986630349335 -0.38357255258329975 1.0000000180025095e-35 1.0000000180025095e-35 1.0000000180025095e-35
decision_type=2 2 2 2 2 2
left_child=1 2 -1 4 -2 -3
right_child=3 5 -4 -5 -6 -7
leaf_value=0.011916621385627763 -0.011341666318077709 0.0201798979010855 -0.004691464843468658 -0.023782960524331476 0.015603188643878853 -0.0081668444787497442
leaf_weight=25.222835436463356 20.732317663729194 21.419714294373993 49.366004407405853 13.903642833232878 5.6816846132278434 3.0821334272623053
leaf_count=155 79 164 232 59 27 17
internal_value=0 0.00480427 0.000904379 -0.0118706 -0.00537483 0.0164695
internal_weight=0 99.0907 74.5888 40.3176 26.414 24.5018
internal_count=733 568 387 165 106 181
is_linear=0
shrinkage=0.0245806


Tree=77
num_leaves=7
num_cat=0
split_feature=16 3 3 7 13 35
split_gain=12.6773 7.10422 7.32186 4.90972 4.95568 3.70634
threshold=1.0000000180025095e-35 0.45103986630349335 -0.38357255258329975 1.0000000180025095e-35 1.0000000180025095e-35 1.0000000180025095e-35
decision_type=2 2 2 2 2 2
left_child=1 2 -1 4 -2 -3
right_child=3 5 -4 -5 -6 -7
leaf_value=0.011660189016094703 -0.008763369580311698 0.019865443544813163 -0.0045738459916202633 -0.023565456399802395 0.026980829295614288 -0.0079550179302440432
leaf_weight=25.148973293602467 23.949097141623501 21.229279480874542 49.395286083221436 13.691426657140253 2.3851712942123404 3.0913167074322692
leaf_count=155 93 164 232 59 13 17
internal_value=0 0.0046977 0.0008824 -0.0116669 -0.00525563 0.016185
internal_weight=0 98.8649 74.5443 40.0257 26.3343 24.3206
internal_count=733 568 387 165 106 181
is_linear=0
shrinkage=0.0245806


Tree=78
num_leaves=7
num_cat=0
split_feature=17 7 13 4 23 15
split_gain=12.7714 5.24832 6.68569 2.63811 1.6729 3.46007
threshold=1.0000000180025095e-35 1.0000000180025095e-35 1.0000000180025095e-35 2.5000000000000004 1.0000000180025095e-35 1.0000000180025095e-35
decision_type=2 2 2 2 2 2
left_child=1 2 -1 -3 -2 -6
right_child=4 3 -4 -5 5 -7
leaf_value=0.003919919239223124 -0.02050614047628662 -0.000912375733445203 0.038054878267751481 -0.024439738667862608 0.019385862913147811 -0.017923719594702871
leaf_weight=99.72528038918972 17.150232993066314 6.557119242846964 3.4335542023181906 5.3487181067466736 2.0768871158361426 4.13230000436306
leaf_count=559 74 32 22 21 11 14
internal_value=0 0.00334306 0.00514941 -0.0119213 -0.0165228 -0.0048185
internal_weight=0 115.065 103.159 11.9058 23.3594 6.20919
internal_count=733 634 581 53 99 25
is_linear=0
shrinkage=0.0245806


Tree=79
num_leaves=7
num_cat=0
split_feature=17 3 16 30 38 25
split_gain=12.2577 8.04595 7.13799 2.02156 1.22715 1.7125
threshold=1.0000000180025095e-35 -1.0087445540476501 1.0000000180025095e-35 1.0000000180025095e-35 1.0000000180025095e-35 1.0000000180025095e-35
decision_type=2 2 2 2 2 2
left_child=1 3 -3 -1 5 -2
right_child=4 2 -4 -5 -6 -7
leaf_value=0.030264374682170907 -0.020909418527312887 0.0048338571855173667 -0.010052169698845244 0.0052556267927144915 0 0.00016686706843588073
leaf_weight=7.5453571081161481 18.007284171879299 78.637896522879601 25.608165293931961 3.1123920083045959 2.7535621225833884 2.3773145824670783
leaf_count=59 77 454 101 20 12 10
internal_value=0 0.0032654 0.00113968 0.0234281 -0.0162756 -0.0183409
internal_weight=0 114.904 104.246 10.6577 23.1382 20.3846
internal_count=733 634 555 79 99 87
is_linear=0
shrinkage=0.0245806


Tree=80
num_leaves=7
num_cat=0
split_feature=12 38 3 3 3 0
split_gain=11.7807 5.01351 5.45856 5.40263 5.00276 4.87737
threshold=1.0000000180025095e-35 1.0000000180025095e-35 0.18556633500646666 -1.0087445540476501 0.45103986630349335 1.0000000180025095e-35
decision_type=2 2 2 2 2 2
left_child=4 3 -3 -2 -1 -6
right_child=1 2 -4 -5 5 -7
leaf_value=0.0014309462755145988 0.014629211519966932 0.039058207850743584 -0.0099056499978855024 -0.015808627104367024 0.0035185708335899865 0.025195279766158998
leaf_weight=65.591865099966526 3.6480866447091094 2.3031095042824736 2.8061040192842484 37.51233247667551 13.224147446453571 12.479791708290577
leaf_count=348 19 15 11 153 83 104
internal_value=0 -0.0101066 0.0122585 -0.0129912 0.00509266 0.014254
internal_weight=0 46.2696 5.10921 41.1604 91.2958 25.7039
internal_count=733 198 26 172 535 187
is_linear=0
shrinkage=0.0245806


Tree=81
num_leaves=7
num_cat=0
split_feature=17 4 26 13 23 15
split_gain=11.6172 4.86433 7.38829 5.93793 1.61574 3.3001
threshold=1.0000000180025095e-35 2.5000000000000004 1.0000000180025095e-35 1.0000000180025095e-35 1.0000000180025095e-35 1.0000000180025095e-35
decision_type=2 2 2 2 2 2
left_child=1 3 -3 -1 -2 -6
right_child=4 2 -4 -5 5 -7
leaf_value=0.0047438010638128558 -0.019953985449137568 0 -0.033708981931030099 0.03626812572285857 0.019185406106010848 -0.017368020140480805
leaf_weight=80.73551781475544 16.669294975697998 25.402163498103622 4.4752965047955504 3.6355957612395278 2.0695881992578498 4.0811802893877029
leaf_count=465 74 133 13 23 11 14
internal_value=0 0.00318193 -0.00526953 0.0062118 -0.0159598 -0.00443781
internal_weight=0 114.249 29.8775 84.3711 22.8201 6.15077
internal_count=733 634 146 488 99 25
is_linear=0
shrinkage=0.0245806


Tree=82
num_leaves=7
num_cat=0
split_feature=12 24 4 23 4 7
split_gain=11.1374 5.5081 8.83148 4.92607 4.73008 4.72495
threshold=1.0000000180025095e-35 1.0000000180025095e-35 2.5000000000000004 1.0000000180025095e-35 3.5000000000000004 1.0000000180025095e-35
decision_type=2 2 2 2 2 2
left_child=1 4 -3 -2 -1 -5
right_child=3 2 -4 5 -6 -7
leaf_value=0.005390073281634369 -0.013929415942045418 0.0044325122450224663 -0.029065285435701461 0.020666783865810685 0.022670242492321895 -0.014195654454683302
leaf_weight=57.334459915757179 36.620713260024786 15.453304819762709 6.59951627254486 5.3738036751747114 11.575478561222551 3.8152979761362076
leaf_count=355 154 79 20 29 81 15
internal_value=0 0.00495316 -0.00563142 -0.00988327 0.00838572 0.0059092
internal_weight=0 90.9628 22.0528 45.8098 68.9099 9.1891
internal_count=733 535 99 198 436 44
is_linear=0
shrinkage=0.0245806


Tree=83
num_leaves=7
num_cat=0
split_feature=17 3 3 36 19 4
split_gain=11.0564 7.63487 6.84057 1.70166 1.20256 2.241
threshold=1.0000000180025095e-35 -1.0087445540476501 0.45103986630349335 1.0000000180025095e-35 1.0000000180025095e-35 1.0000000180025095e-35
decision_type=2 2 2 2 2 2
left_child=1 3 -3 -1 5 -2
right_child=4 2 -4 -5 -6 -7
leaf_value=0.026358337339415769 -0.026248417021894045 -0.0030503688115521461 0.010767937641198367 -0.0027072936355953666 -0.019034953000544794 0.0052821647590841842
leaf_weight=9.3345465511083567 1.8254309296607996 72.76992654055357 30.531450100243092 1.1677441745996482 16.84054746478796 3.8094532787799835
leaf_count=72 6 348 207 7 75 18
internal_value=0 0.0030955 0.00101974 0.0228828 -0.0157025 -0.0049856
internal_weight=0 113.804 103.301 10.5023 22.4754 5.63488
internal_count=733 634 555 79 99 24
is_linear=0
shrinkage=0.0245806


Tree=84
num_leaves=7
num_cat=0
split_feature=16 3 3 25 7 23
split_gain=10.8461 6.43504 6.61839 5.55912 4.54363 5.12955
threshold=1.0000000180025095e-35 0.45103986630349335 -0.38357255258329975 1.0000000180025095e-35 1.0000000180025095e-35 1.0000000180025095e-35
decision_type=2 2 2 2 2 2
left_child=1 2 -1 -3 5 -2
right_child=4 3 -4 -5 -6 -7
leaf_value=0.011115356152287146 -0.010712589502666325 0.023039889584527941 -0.004461914045129225 -0.0027746920318932407 -0.022897921062131659 0.015295634453822442
leaf_weight=24.577055066823959 20.272814266383651 16.781332224607471 48.92829704284668 6.8651958480477324 12.83301956951618 5.6621349900960913
leaf_count=155 79 141 232 40 59 27
internal_value=0 0.00436427 0.000724839 0.015469 -0.0109832 -0.00486172
internal_weight=0 97.1519 73.5054 23.6465 38.768 25.9349
internal_count=733 568 387 181 165 106
is_linear=0
shrinkage=0.0245806


Tree=85
num_leaves=7
num_cat=0
split_feature=17 7 13 23 15 30
split_gain=10.5228 4.6851 6.20993 1.55481 3.11982 1.5301
threshold=1.0000000180025095e-35 1.0000000180025095e-35 1.0000000180025095e-35 1.0000000180025095e-35 1.0000000180025095e-35 1.0000000180025095e-35
decision_type=2 2 2 2 2 2
left_child=1 2 -1 -2 -5 -3
right_child=3 5 -4 4 -6 -7
leaf_value=0.0035292764252550313 -0.01945050233745773 -0.016221364688847825 0.036641498130720464 0.01881861154179278 -0.016848215685244704 0.0047059060045149892
leaf_weight=98.322414182126522 16.095284216105942 9.1454605236649495 3.3862518966197959 2.064649209380149 4.0131152272224426 2.3986208885908118
leaf_count=559 74 41 22 11 14 12
internal_value=0 0.00301578 0.00472382 -0.0154334 -0.00409932 -0.0116369
internal_weight=0 113.253 101.709 22.173 6.07776 11.5441
internal_count=733 634 581 99 25 53
is_linear=0
shrinkage=0.0245806


Tree=86
num_leaves=7
num_cat=0
split_feature=16 3 3 25 23 3
split_gain=10.2131 6.18744 6.32913 5.41432 3.89201 3.19902
threshold=1.0000000180025095e-35 0.45103986630349335 -0.38357255258329975 1.0000000180025095e-35 1.0000000180025095e-35 -1.0087445540476501
decision_type=2 2 2 2 2 2
left_child=1 2 -1 -3 5 -2
right_child=4 3 -4 -5 -6 -7
leaf_value=0.010861875707108771 0.010030681225456984 0.022733610980955998 -0.0043990202084212724 -0.0027927744634613119 0.0036361037450578526 -0.017416970636281916
leaf_weight=24.456688083708286 2.5795888304710415 16.566919773817066 48.872505240142345 6.859872728586196 8.4933507591485959 27.254857573658228
leaf_count=155 13 141 232 40 38 114
internal_value=0 0.00423319 0.000668762 0.0151817 -0.010729 -0.0149057
internal_weight=0 96.756 73.3292 23.4268 38.3278 29.8344
internal_count=733 568 387 181 165 127
is_linear=0
shrinkage=0.0245806


Tree=87
num_leaves=7
num_cat=0
split_feature=17 3 3 30 23 15
split_gain=10.0535 7.12983 6.10641 2.07067 1.50311 2.99158
threshold=1.0000000180025095e-35 -1.0087445540476501 0.45103986630349335 1.0000000180025095e-35 1.0000000180025095e-35 1.0000000180025095e-35
decision_type=2 2 2 2 2 2
left_child=1 3 -3 -1 -2 -6
right_child=4 2 -4 -5 5 -7
leaf_value=0.029323688591214456 -0.019189272580979015 -0.0028894028085246588 0.0102573688889792 0.0038419279981308993 0.018412673735630436 -0.016560550270451009
leaf_weight=7.2557050585746747 15.837162218987944 72.496355839073658 29.977258376777172 3.0347718149423599 2.0599925220012656 3.99326092004776
leaf_count=59 74 348 207 20 11 14
internal_value=0 0.00294608 0.000941909 0.0222707 -0.0151897 -0.00402936
internal_weight=0 112.764 102.474 10.2905 21.8904 6.05325
internal_count=733 634 555 79 99 25
is_linear=0
shrinkage=0.0245806


Tree=88
num_leaves=6
num_cat=0
split_feature=7 28 3 0 20
split_gain=7.03126 4.70869 4.6556 3.99944 1.73978
threshold=1.0000000180025095e-35 1.0000000180025095e-35 -1.0087445540476501 1.0000000180025095e-35 1.0000000180025095e-35
decision_type=2 2 2 2 2
left_child=1 3 -2 -1 -4
right_child=2 -3 4 -5 -6
leaf_value=-0.0030219173658097456 0.0156326394293217 0.034386946012657384 -0.022283076518817651 0.0061686783278938938 0.0018716673978556074
leaf_weight=58.638812676072121 2.4689724221825626 2.50229887664318 13.693039074540135 55.178029432892799 1.8049355149269111
leaf_count=302 15 17 64 325 10
internal_value=0 0.00219967 -0.0142462 0.00141276 -0.0193089
internal_weight=0 116.319 17.9669 113.817 15.498
internal_count=733 644 89 627 74
is_linear=0
shrinkage=0.0245806


Tree=89
num_leaves=7
num_cat=0
split_feature=17 3 3 30 23 15
split_gain=9.59487 6.79724 5.84425 2.02501 1.46033 2.8655
threshold=1.0000000180025095e-35 -1.0087445540476501 0.45103986630349335 1.0000000180025095e-35 1.0000000180025095e-35 1.0000000180025095e-35
decision_type=2 2 2 2 2 2
left_child=1 3 -3 -1 -2 -6
right_child=4 2 -4 -5 5 -7
leaf_value=0.028892917476103317 -0.018911765992416705 -0.002823197325434226 0.01006005888222675 0.0036286787890666924 0.018052268845101156 -0.016256976040586634
leaf_weight=7.1572837829589826 15.622347991913559 72.40786150842905 29.846922978758812 3.0260052904486656 2.0545697808265677 3.9536551833152771
leaf_count=59 74 348 207 20 11 14
internal_value=0 0.00287496 0.000922435 0.0218482 -0.0149345 -0.00389643
internal_weight=0 112.438 102.255 10.1833 21.6306 6.00822
internal_count=733 634 555 79 99 25
is_linear=0
shrinkage=0.0245806


Tree=90
num_leaves=7
num_cat=0
split_feature=16 3 3 25 37 23
split_gain=9.43532 5.66287 5.77933 5.33232 4.2356 3.45165
threshold=1.0000000180025095e-35 0.45103986630349335 -0.38357255258329975 1.0000000180025095e-35 1.0000000180025095e-35 1.0000000180025095e-35
decision_type=2 2 2 2 2 2
left_child=1 2 -1 -3 -2 -6
right_child=4 3 -4 -5 5 -7
leaf_value=0.010504455045201094 -0.00089400676534287895 0.022277723778426458 -0.0041462463245816655 -0.0031981485733739378 -0.022492486202076837 0.0019057616932224928
leaf_weight=24.123214982450008 16.578625246882439 16.213124081492428 48.831820465624332 6.8082208186388007 17.038520909845833 4.1125839650630942
leaf_count=155 68 141 232 40 78 19
internal_value=0 0.00408082 0.000675716 0.0146622 -0.0103978 -0.0176468
internal_weight=0 95.9764 72.955 23.0213 37.7297 21.1511
internal_count=733 568 387 181 165 97
is_linear=0
shrinkage=0.0245806


Tree=91
num_leaves=7
num_cat=0
split_feature=17 3 16 30 38 25
split_gain=9.12842 6.48411 5.63206 1.9938 1.184 1.66912
threshold=1.0000000180025095e-35 -1.0087445540476501 1.0000000180025095e-35 1.0000000180025095e-35 1.0000000180025095e-35 1.0000000180025095e-35
decision_type=2 2 2 2 2 2
left_child=1 3 -3 -1 5 -2
right_child=4 2 -4 -5 -6 -7
leaf_value=0.028543042348581835 -0.01955874187330665 0.0042014805596296253 -0.009214642968368705 0.0033753897044308981 0 0.0015986894644669986
leaf_weight=7.0332693234086019 16.420039549469955 77.078571923077106 24.796082995831966 3.0072521865367889 2.6073349937796584 2.3061707317829123
leaf_count=59 77 454 101 20 12 10
internal_value=0 0.00280118 0.00089857 0.02147 -0.0146766 -0.0168202
internal_weight=0 111.915 101.875 10.0405 21.3335 18.7262
internal_count=733 634 555 79 99 87
is_linear=0
shrinkage=0.0245806


Tree=92
num_leaves=7
num_cat=0
split_feature=12 24 25 24 3 3
split_gain=8.80185 5.14049 6.35571 4.51341 5.2878 3.91371
threshold=1.0000000180025095e-35 1.0000000180025095e-35 1.0000000180025095e-35 1.0000000180025095e-35 -1.0087445540476501 0.45103986630349335
decision_type=2 2 2 2 2 2
left_child=1 5 -3 4 -2 -1
right_child=3 2 -4 -5 -6 -7
leaf_value=0.0038711995679348446 0.01579958872444082 0.0072478002251945136 -0.018968627605309946 0.015627726071746405 -0.014408551276624423 0.016988746542975646
leaf_weight=47.577765181660652 3.6354619264602652 10.867388762533665 10.958966560661793 3.8319380655884734 36.231942422688007 19.721597597002983
leaf_count=276 20 58 41 21 157 160
internal_value=0 0.00441745 -0.00584217 -0.0090258 -0.0115252 0.00779189
internal_weight=0 89.1257 21.8264 43.6993 39.8674 67.2994
internal_count=733 535 99 198 177 436
is_linear=0
shrinkage=0.0245806


Tree=93
num_leaves=7
num_cat=0
split_feature=16 3 3 25 37 23
split_gain=8.58721 5.34045 5.38377 5.1309 4.08721 3.37182
threshold=1.0000000180025095e-35 0.45103986630349335 -0.38357255258329975 1.0000000180025095e-35 1.0000000180025095e-35 1.0000000180025095e-35
decision_type=2 2 2 2 2 2
left_child=1 2 -1 -3 -2 -6
right_child=4 3 -4 -5 5 -7
leaf_value=0.010146765771857915 -0.00068902098642225447 0.021868477307873811 -0.0040503586107211572 -0.00321767723100133 -0.022149575916106005 0.0020897228752090108
leaf_weight=23.872147612273693 16.513837859034538 15.873908869922163 48.682621598243713 6.7895437330007544 16.558635331690315 4.0841998979449263
leaf_count=155 68 141 232 40 78 19
internal_value=0 0.00390209 0.000597795 0.0142702 -0.0100017 -0.0172484
internal_weight=0 95.2182 72.5548 22.6635 37.1567 20.6428
internal_count=733 568 387 181 165 97
is_linear=0
shrinkage=0.0245806


Tree=94
num_leaves=7
num_cat=0
split_feature=16 7 13 33 12 4
split_gain=8.21868 4.14143 4.53195 4.0722 3.8303 1.41847
threshold=1.0000000180025095e-35 1.0000000180025095e-35 1.0000000180025095e-35 1.0000000180025095e-35 1.0000000180025095e-35 1.5000000000000002
decision_type=2 2 2 2 2 2
left_child=3 2 -2 4 -1 -5
right_child=1 -3 -4 5 -6 -7
leaf_value=0.0077787622098614189 -0.0074893995890430633 -0.021886688250881189 0.027292485018435345 -0.029337446736535384 -0.0042122363806407501 -0.0014008256303162483
leaf_weight=69.74257368594408 22.981859549880031 11.641074445098637 2.3012343347072592 2.6183350011706343 20.456963136792183 2.1894771978259087
leaf_count=460 93 59 13 10 87 11
internal_value=0 -0.00982131 -0.00403934 0.00381571 0.00502622 -0.0176879
internal_weight=0 36.9242 25.2831 95.0073 90.1995 4.80781
internal_count=733 165 106 568 547 21
is_linear=0
shrinkage=0.0245806


Tree=95
num_leaves=7
num_cat=0
split_feature=17 16 29 23 23 15
split_gain=8.51898 4.38795 5.35958 2.78513 1.3977 2.73923
threshold=1.0000000180025095e-35 1.0000000180025095e-35 1.0000000180025095e-35 1.0000000180025095e-35 1.0000000180025095e-35 1.0000000180025095e-35
decision_type=2 2 2 2 2 2
left_child=1 2 -1 -3 -2 -6
right_child=4 3 -4 -5 5 -7
leaf_value=0.0075592127437272144 -0.018368636207933137 -0.010138145358010799 -0.012745622729910243 0.009134366269509326 0.017891267988756655 -0.015772259915359202
leaf_weight=75.867914512753487 14.927938640117647 20.79901418089867 8.4988397508859617 5.4777354001998892 2.048260085284709 3.8964008539915085
leaf_count=486 74 85 37 26 11 14
internal_value=0 0.00271117 0.00545799 -0.00598201 -0.0143429 -0.0035395
internal_weight=0 110.644 84.3668 26.2767 20.8726 5.94466
internal_count=733 634 523 111 99 25
is_linear=0
shrinkage=0.0245806


Tree=96
num_leaves=7
num_cat=0
split_feature=16 3 3 25 37 3
split_gain=7.53305 5.1317 5.15954 4.97232 3.92884 2.39656
threshold=1.0000000180025095e-35 0.45103986630349335 -0.38357255258329975 1.0000000180025095e-35 1.0000000180025095e-35 -0.38357255258329975
decision_type=2 2 2 2 2 2
left_child=1 2 -1 -3 5 -2
right_child=4 3 -4 -5 -6 -7
leaf_value=0.0098112300334667977 -0.012508602837795074 0.02148164601569056 -0.0041353198223168172 -0.0032975298430186848 -0.016715359376784478 0.0066366634213751866
leaf_weight=23.671129986643791 6.1148322969675091 15.585904009640219 48.529267981648445 6.7730063125491133 20.072447419166565 10.349911153316496
leaf_count=155 21 141 232 40 97 47
internal_value=0 0.0036499 0.000413354 0.0138907 -0.00946391 -0.000372262
internal_weight=0 94.5593 72.2004 22.3589 36.5372 16.4647
internal_count=733 568 387 181 165 68
is_linear=0
shrinkage=0.0245806


Tree=97
num_leaves=7
num_cat=0
split_feature=12 24 4 4 23 3
split_gain=7.57208 4.83087 8.17728 4.82561 4.27507 4.48577
threshold=1.0000000180025095e-35 1.0000000180025095e-35 2.5000000000000004 3.5000000000000004 1.0000000180025095e-35 0.18556633500646666
decision_type=2 2 2 2 2 2
left_child=1 3 -3 -1 -2 -6
right_child=4 2 -4 -5 5 -7
leaf_value=0.0043526677368421543 -0.012488296315868386 0.0039596750528811736 -0.028426018236213282 0.022184936356956338 0.026897982469027828 -0.0077465652288677246
leaf_weight=55.310209959745407 33.800093658268452 15.165901221334936 6.5575442239642134 11.022795796394346 3.624233350157736 5.2167724147439003
leaf_count=355 154 79 20 81 22 22
internal_value=0 0.00410255 -0.00585306 0.0074109 -0.00849376 0.00642034
internal_weight=0 88.0565 21.7234 66.333 42.6411 8.84101
internal_count=733 535 99 436 198 44
is_linear=0
shrinkage=0.0245806


Tree=98
num_leaves=7
num_cat=0
split_feature=12 33 24 3 26 4
split_gain=7.23741 4.67819 4.19598 5.05737 4.13302 2.40131
threshold=1.0000000180025095e-35 1.0000000180025095e-35 1.0000000180025095e-35 -1.0087445540476501 1.0000000180025095e-35 1.5000000000000002
decision_type=2 2 2 2 2 2
left_child=1 4 3 -2 -1 -3
right_child=2 5 -4 -5 -6 -7
leaf_value=0.0080389549316007333 0.0160967624863225 -0.031105525697964705 0.015560711598546348 -0.013696815083404893 -0.0063559010155082108 0.00035967196236700558
leaf_weight=68.164618611335754 3.5766994953155509 3.1087143719196311 3.7816558778285971 35.047717571258545 14.271888598799704 2.3313648551702499
leaf_count=447 20 11 21 157 65 12
internal_value=0 0.00401107 -0.00833069 -0.0108036 0.00550531 -0.017579
internal_weight=0 87.8766 42.4061 38.6244 82.4365 5.44008
internal_count=733 535 198 177 512 23
is_linear=0
shrinkage=0.0245806


Tree=99
num_leaves=7
num_cat=0
split_feature=17 3 3 30 38 25
split_gain=8.00679 5.95985 4.82407 1.99513 1.14734 1.60792
threshold=1.0000000180025095e-35 -1.0087445540476501 0.45103986630349335 1.0000000180025095e-35 1.0000000180025095e-35 1.0000000180025095e-35
decision_type=2 2 2 2 2 2
left_child=1 3 -3 -1 5 -2
right_child=4 2 -4 -5 -6 -7
leaf_value=0.028052857754203884 -0.01906167892901485 -0.0026129379371552216 0.0092918886304299494 0.0026831308395452902 0.00036150896732795485 0.0018425857838614953
leaf_weight=6.774711072444914 15.596785724163061 71.067061111330986 28.663486860692501 2.9593703970313072 2.5406487435102454 2.2818724960088721
leaf_count=59 77 348 207 20 12 10
internal_value=0 0.00262988 0.000792604 0.0208094 -0.0140697 -0.0162526
internal_weight=0 109.465 99.7305 9.73408 20.4193 17.8787
internal_count=733 634 555 79 99 87
is_linear=0
shrinkage=0.0245806


end of trees

feature_importances:
Age=113
Heart_Disease_Final=61
Levothyroxine_Final=59
CCB_Final=53
ACE_Inhibitors_Final=44
Hypothyroid_Final=40
Glyburide_Final=29
AnyLab=26
DM_Drugs=23
Anemia_Final=22
Region=19
PPI_Final=19
Diuretics_Final=15
Eye_Disorder_Final=15
Kidney_Disease_Final=14
Atherosclerosis_Final=10
Abnormal_Glucose_Final=7
GenderCategory=6
ARB_Final=6
Statins_Final=5
Beta_Blockers_Final=4
GlucoseTest_Final=4
A1C_Final=2
Anti_Platelets_Final=1
Steroids_Final=1
Neuropathy_Final=1

parameters:
[boosting: gbdt]
[objective: binary]
[metric: auc]
[tree_learner: serial]
[device_type: cpu]
[data: ]
[valid: ]
[num_iterations: 100]
[learning_rate: 0.0245806]
[num_leaves: 7]
[num_threads: 6]
[deterministic: 0]
[force_col_wise: 0]
[force_row_wise: 0]
[histogram_pool_size: -1]
[max_depth: 3]
[min_data_in_leaf: 8]
[min_sum_hessian_in_leaf: 0.001]
[bagging_fraction: 0.0389577]
[pos_bagging_fraction: 1]
[neg_bagging_fraction: 1]
[bagging_freq: 0]
[bagging_seed: 3]
[feature_fraction: 0.721388]
[feature_fraction_bynode: 1]
[feature_fraction_seed: 2]
[extra_trees: 0]
[extra_seed: 6]
[early_stopping_round: 0]
[first_metric_only: 0]
[max_delta_step: 0]
[lambda_l1: 0.110006]
[lambda_l2: 0.188027]
[linear_lambda: 0]
[min_gain_to_split: 0]
[drop_rate: 0.1]
[max_drop: 50]
[skip_drop: 0.5]
[xgboost_dart_mode: 0]
[uniform_drop: 0]
[drop_seed: 4]
[top_rate: 0.2]
[other_rate: 0.1]
[min_data_per_group: 100]
[max_cat_threshold: 32]
[cat_l2: 10]
[cat_smooth: 10]
[max_cat_to_onehot: 4]
[top_k: 20]
[monotone_constraints: ]
[monotone_constraints_method: basic]
[monotone_penalty: 0]
[feature_contri: ]
[forcedsplits_filename: ]
[refit_decay_rate: 0.9]
[cegb_tradeoff: 1]
[cegb_penalty_split: 0]
[cegb_penalty_feature_lazy: ]
[cegb_penalty_feature_coupled: ]
[path_smooth: 0]
[interaction_constraints: ]
[verbosity: -1]
[saved_feature_importance_type: 0]
[linear_tree: 0]
[max_bin: 11]
[max_bin_by_feature: ]
[min_data_in_bin: 3]
[bin_construct_sample_cnt: 200000]
[data_random_seed: 1]
[is_enable_sparse: 1]
[enable_bundle: 1]
[use_missing: 1]
[zero_as_missing: 0]
[feature_pre_filter: 1]
[pre_partition: 0]
[two_round: 0]
[header: 0]
[label_column: ]
[weight_column: ]
[group_column: ]
[ignore_column: ]
[categorical_feature: ]
[forcedbins_filename: ]
[precise_float_parser: 0]
[parser_config_file: ]
[objective_seed: 5]
[num_class: 1]
[is_unbalance: 0]
[scale_pos_weight: 1]
[sigmoid: 1]
[boost_from_average: 1]
[reg_sqrt: 0]
[alpha: 0.9]
[fair_c: 1]
[poisson_max_delta_step: 0.7]
[tweedie_variance_power: 1.5]
[lambdarank_truncation_level: 30]
[lambdarank_norm: 1]
[label_gain: ]
[lambdarank_position_bias_regularization: 0]
[eval_at: ]
[multi_error_top_k: 1]
[auc_mu_weights: ]
[num_machines: 1]
[local_listen_port: 12400]
[time_out: 120]
[machine_list_filename: ]
[machines: ]
[gpu_platform_id: -1]
[gpu_device_id: -1]
[gpu_use_dp: 0]
[num_gpu: 1]

end of parameters

pandas_categorical:[]
